1 0
2 -0.0194542
3 -0.0373556
4 -0.0539291
5 -0.0693548
6 -0.0837788
7 -0.0973216
8 -0.110083
9 -0.122148
10 -0.133587
11 -0.144462
12 -0.154826
13 -0.164723
14 -0.174194
15 -0.183274
16 -0.191992
17 -0.200377
18 -0.208453
19 -0.21624
20 -0.223759
21 -0.231026
22 -0.238058
23 -0.244869
24 -0.251471
25 -0.257876
26 -0.264096
27 -0.270141
28 -0.276019
29 -0.28174
30 -0.287311
31 -0.292739
32 -0.298033
33 -0.303198
34 -0.308241
35 -0.313168
36 -0.317983
37 -0.322693
38 -0.327302
39 -0.331815
40 -0.336237
41 -0.340572
42 -0.344824
43 -0.348996
44 -0.353093
45 -0.357119
46 -0.361076
47 -0.364968
48 -0.368797
49 -0.372568
50 -0.376283
51 -0.379944
52 -0.383555
53 -0.387117
54 -0.390633
55 -0.394106
56 -0.397537
57 -0.400928
58 -0.404283
59 -0.407602
60 -0.410887
61 -0.414141
62 -0.417364
63 -0.420558
64 -0.423726
65 -0.426867
66 -0.429985
67 -0.433079
68 -0.436152
69 -0.439203
70 -0.442236
71 -0.44525
72 -0.448247
73 -0.451227
74 -0.454191
75 -0.457142
76 -0.460078
77 -0.463001
78 -0.465913
79 -0.468812
80 -0.471701
81 -0.47458
82 -0.477449
83 -0.480309
84 -0.48316
85 -0.486004
86 -0.48884
87 -0.491669
88 -0.494492
89 -0.497309
90 -0.50012
91 -0.502925
92 -0.505726
93 -0.508522
94 -0.511314
95 -0.514101
96 -0.516885
97 -0.519666
98 -0.522443
99 -0.525217
100 -0.527989
101 -0.530758
102 -0.533524
103 -0.536289
104 -0.539051
105 -0.541812
106 -0.544571
107 -0.547329
108 -0.550085
109 -0.55284
110 -0.555594
111 -0.558347
112 -0.561099
113 -0.56385
114 -0.566601
115 -0.569351
116 -0.572101
117 -0.57485
118 -0.577599
119 -0.580347
120 -0.583096
121 -0.585844
122 -0.588592
123 -0.59134
124 -0.594088
125 -0.596836
126 -0.599585
127 -0.602333
128 -0.605082
129 -0.60783
130 -0.610579
131 -0.613329
132 -0.616078
133 -0.618828
134 -0.621578
135 -0.624329
136 -0.62708
137 -0.629831
138 -0.632583
139 -0.635335
140 -0.638087
141 -0.64084
142 -0.643594
143 -0.646348
144 -0.649102
145 -0.651857
146 -0.654612
147 -0.657368
148 -0.660124
149 -0.662881
150 -0.665638
151 -0.668396
152 -0.671154
153 -0.673913
154 -0.676672
155 -0.679432
156 -0.682192
157 -0.684953
158 -0.687714
159 -0.690475
160 -0.693237
161 -0.696
162 -0.698763
163 -0.701526
164 -0.70429
165 -0.707055
166 -0.70982
167 -0.712585
168 -0.715351
169 -0.718117
170 -0.720883
171 -0.72365
172 -0.726418
173 -0.729185
174 -0.731954
175 -0.734722
176 -0.737491
177 -0.740261
178 -0.74303
179 -0.7458
180 -0.748571
181 -0.751342
182 -0.754113
183 -0.756885
184 -0.759657
185 -0.762429
186 -0.765202
187 -0.767974
188 -0.770748
189 -0.773521
190 -0.776295
191 -0.779069
192 -0.781844
193 -0.784619
194 -0.787394
195 -0.790169
196 -0.792945
197 -0.795721
198 -0.798497
199 -0.801273
200 -0.80405
201 -0.806827
202 -0.809604
203 -0.812382
204 -0.815159
205 -0.817937
206 -0.820715
207 -0.823494
208 -0.826272
209 -0.829051
210 -0.83183
211 -0.834609
212 -0.837389
213 -0.840168
214 -0.842948
215 -0.845728
216 -0.848508
217 -0.851289
218 -0.854069
219 -0.85685
220 -0.859631
221 -0.862412
222 -0.865193
223 -0.867974
224 -0.870756
225 -0.873538
226 -0.876319
227 -0.879101
228 -0.881884
229 -0.884666
230 -0.887448
231 -0.890231
232 -0.893013
233 -0.895796
234 -0.898579
235 -0.901362
236 -0.904145
237 -0.906929
238 -0.909712
239 -0.912495
240 -0.915279
241 -0.918063
242 -0.920847
243 -0.92363
244 -0.926414
245 -0.929199
246 -0.931983
247 -0.934767
248 -0.937551
249 -0.940336
250 -0.943121
251 -0.945905
252 -0.94869
253 -0.951475
254 -0.95426
255 -0.957045
256 -0.95983
257 -0.962615
258 -0.9654
259 -0.968185
260 -0.970971
261 -0.973756
262 -0.976541
263 -0.979327
264 -0.982113
265 -0.984898
266 -0.987684
267 -0.99047
268 -0.993256
269 -0.996041
270 -0.998827
271 -1.00161
272 -1.0044
273 -1.00719
274 -1.00997
275 -1.01276
276 -1.01554
277 -1.01833
278 -1.02112
279 -1.0239
280 -1.02669
281 -1.02948
282 -1.03226
283 -1.03505
284 -1.03784
285 -1.04062
286 -1.04341
287 -1.0462
288 -1.04898
289 -1.05177
290 -1.05456
291 -1.05734
292 -1.06013
293 -1.06292
294 -1.0657
295 -1.06849
296 -1.07128
297 -1.07406
298 -1.07685
299 -1.07964
300 -1.08243
301 -1.08521
302 -1.088
303 -1.09079
304 -1.09357
305 -1.09636
306 -1.09915
307 -1.10194
308 -1.10472
309 -1.10751
310 -1.1103
311 -1.11309
312 -1.11587
313 -1.11866
314 -1.12145
315 -1.12424
316 -1.12702
317 -1.12981
318 -1.1326
319 -1.13538
320 -1.13817
321 -1.14096
322 -1.14375
323 -1.14654
324 -1.14932
325 -1.15211
326 -1.1549
327 -1.15769
328 -1.16047
329 -1.16326
330 -1.16605
331 -1.16884
332 -1.17162
333 -1.17441
334 -1.1772
335 -1.17999
336 -1.18277
337 -1.18556
338 -1.18835
339 -1.19114
340 -1.19393
341 -1.19671
342 -1.1995
343 -1.20229
344 -1.20508
345 -1.20787
346 -1.21065
347 -1.21344
348 -1.21623
349 -1.21902
350 -1.2218
351 -1.22459
352 -1.22738
353 -1.23017
354 -1.23296
355 -1.23574
356 -1.23853
357 -1.24132
358 -1.24411
359 -1.2469
360 -1.24968
361 -1.25247
362 -1.25526
363 -1.25805
364 -1.26084
365 -1.26362
366 -1.26641
367 -1.2692
368 -1.27199
369 -1.27478
370 -1.27756
371 -1.28035
372 -1.28314
373 -1.28593
374 -1.28872
375 -1.2915
376 -1.29429
377 -1.29708
378 -1.29987
379 -1.30266
380 -1.30544
381 -1.30823
382 -1.31102
383 -1.31381
384 -1.3166
385 -1.31938
386 -1.32217
387 -1.32496
388 -1.32775
389 -1.33054
390 -1.33332
391 -1.33611
392 -1.3389
393 -1.34169
394 -1.34448
395 -1.34726
396 -1.35005
397 -1.35284
398 -1.35563
399 -1.35842
400 -1.36121
401 -1.36399
402 -1.36678
403 -1.36957
404 -1.37236
405 -1.37515
406 -1.37793
407 -1.38072
408 -1.38351
409 -1.3863
410 -1.38909
411 -1.39187
412 -1.39466
413 -1.39745
414 -1.40024
415 -1.40303
416 -1.40582
417 -1.4086
418 -1.41139
419 -1.41418
420 -1.41697
421 -1.41976
422 -1.42254
423 -1.42533
424 -1.42812
425 -1.43091
426 -1.4337
427 -1.43649
428 -1.43927
429 -1.44206
430 -1.44485
431 -1.44764
432 -1.45043
433 -1.45321
434 -1.456
435 -1.45879
436 -1.46158
437 -1.46437
438 -1.46715
439 -1.46994
440 -1.47273
441 -1.47552
442 -1.47831
443 -1.4811
444 -1.48388
445 -1.48667
446 -1.48946
447 -1.49225
448 -1.49504
449 -1.49782
450 -1.50061
451 -1.5034
452 -1.50619
453 -1.50898
454 -1.51177
455 -1.51455
456 -1.51734
457 -1.52013
458 -1.52292
459 -1.52571
460 -1.52849
461 -1.53128
462 -1.53407
463 -1.53686
464 -1.53965
465 -1.54244
466 -1.54522
467 -1.54801
468 -1.5508
469 -1.55359
470 -1.55638
471 -1.55917
472 -1.56195
473 -1.56474
474 -1.56753
475 -1.57032
476 -1.57311
477 -1.57589
478 -1.57868
479 -1.58147
480 -1.58426
481 -1.58705
482 -1.58984
483 -1.59262
484 -1.59541
485 -1.5982
486 -1.60099
487 -1.60378
488 -1.60656
489 -1.60935
490 -1.61214
491 -1.61493
492 -1.61772
493 -1.62051
494 -1.62329
495 -1.62608
496 -1.62887
497 -1.63166
498 -1.63445
499 -1.63723
500 -1.64002
501 -1.64281
502 -1.6456
503 -1.64839
504 -1.65118
505 -1.65396
506 -1.65675
507 -1.65954
508 -1.66233
509 -1.66512
510 -1.6679
511 -1.67069
512 -1.67348
513 -1.67627
514 -1.67906
515 -1.68185
516 -1.68463
517 -1.68742
518 -1.69021
519 -1.693
520 -1.69579
521 -1.69858
522 -1.70136
523 -1.70415
524 -1.70694
525 -1.70973
526 -1.71252
527 -1.7153
528 -1.71809
529 -1.72088
530 -1.72367
531 -1.72646
532 -1.72925
533 -1.73203
534 -1.73482
535 -1.73761
536 -1.7404
537 -1.74319
538 -1.74597
539 -1.74876
540 -1.75155
541 -1.75434
542 -1.75713
543 -1.75992
544 -1.7627
545 -1.76549
546 -1.76828
547 -1.77107
548 -1.77386
549 -1.77665
550 -1.77943
551 -1.78222
552 -1.78501
553 -1.7878
554 -1.79059
555 -1.79337
556 -1.79616
557 -1.79895
558 -1.80174
559 -1.80453
560 -1.80732
561 -1.8101
562 -1.81289
563 -1.81568
564 -1.81847
565 -1.82126
566 -1.82404
567 -1.82683
568 -1.82962
569 -1.83241
570 -1.8352
571 -1.83799
572 -1.84077
573 -1.84356
574 -1.84635
575 -1.84914
576 -1.85193
577 -1.85472
578 -1.8575
579 -1.86029
580 -1.86308
581 -1.86587
582 -1.86866
583 -1.87144
584 -1.87423
585 -1.87702
586 -1.87981
587 -1.8826
588 -1.88539
589 -1.88817
590 -1.89096
591 -1.89375
592 -1.89654
593 -1.89933
594 -1.90211
595 -1.9049
596 -1.90769
597 -1.91048
598 -1.91327
599 -1.91606
600 -1.91884
601 -1.92163
602 -1.92442
603 -1.92721
604 -1.93
605 -1.93279
606 -1.93557
607 -1.93836
608 -1.94115
609 -1.94394
610 -1.94673
611 -1.94951
612 -1.9523
613 -1.95509
614 -1.95788
615 -1.96067
616 -1.96346
617 -1.96624
618 -1.96903
619 -1.97182
620 -1.97461
621 -1.9774
622 -1.98018
623 -1.98297
624 -1.98576
625 -1.98855
626 -1.99134
627 -1.99413
628 -1.99691
629 -1.9997
630 -2.00249
631 -2.00528
632 -2.00807
633 -2.01086
634 -2.01364
635 -2.01643
636 -2.01922
637 -2.02201
638 -2.0248
639 -2.02758
640 -2.03037
641 -2.03316
642 -2.03595
643 -2.03874
644 -2.04153
645 -2.04431
646 -2.0471
647 -2.04989
648 -2.05268
649 -2.05547
650 -2.05825
651 -2.06104
652 -2.06383
653 -2.06662
654 -2.06941
655 -2.0722
656 -2.07498
657 -2.07777
658 -2.08056
659 -2.08335
660 -2.08614
661 -2.08893
662 -2.09171
663 -2.0945
664 -2.09729
665 -2.10008
666 -2.10287
667 -2.10565
668 -2.10844
669 -2.11123
670 -2.11402
671 -2.11681
672 -2.1196
673 -2.12238
674 -2.12517
675 -2.12796
676 -2.13075
677 -2.13354
678 -2.13632
679 -2.13911
680 -2.1419
681 -2.14469
682 -2.14748
683 -2.15027
684 -2.15305
685 -2.15584
686 -2.15863
687 -2.16142
688 -2.16421
689 -2.167
690 -2.16978
691 -2.17257
692 -2.17536
693 -2.17815
694 -2.18094
695 -2.18372
696 -2.18651
697 -2.1893
698 -2.19209
699 -2.19488
700 -2.19767
701 -2.20045
702 -2.20324
703 -2.20603
704 -2.20882
705 -2.21161
706 -2.21439
707 -2.21718
708 -2.21997
709 -2.22276
710 -2.22555
711 -2.22834
712 -2.23112
713 -2.23391
714 -2.2367
715 -2.23949
716 -2.24228
717 -2.24507
718 -2.24785
719 -2.25064
720 -2.25343
721 -2.25622
722 -2.25901
723 -2.26179
724 -2.26458
725 -2.26737
726 -2.27016
727 -2.27295
728 -2.27574
729 -2.27852
730 -2.28131
731 -2.2841
732 -2.28689
733 -2.28968
734 -2.29247
735 -2.29525
736 -2.29804
737 -2.30083
738 -2.30362
739 -2.30641
740 -2.30919
741 -2.31198
742 -2.31477
743 -2.31756
744 -2.32035
745 -2.32314
746 -2.32592
747 -2.32871
748 -2.3315
749 -2.33429
750 -2.33708
751 -2.33986
752 -2.34265
753 -2.34544
754 -2.34823
755 -2.35102
756 -2.35381
757 -2.35659
758 -2.35938
759 -2.36217
760 -2.36496
761 -2.36775
762 -2.37054
763 -2.37332
764 -2.37611
765 -2.3789
766 -2.38169
767 -2.38448
768 -2.38726
769 -2.39005
770 -2.39284
771 -2.39563
772 -2.39842
773 -2.40121
774 -2.40399
775 -2.40678
776 -2.40957
777 -2.41236
778 -2.41515
779 -2.41793
780 -2.42072
781 -2.42351
782 -2.4263
783 -2.42909
784 -2.43188
785 -2.43466
786 -2.43745
787 -2.44024
788 -2.44303
789 -2.44582
790 -2.44861
791 -2.45139
792 -2.45418
793 -2.45697
794 -2.45976
795 -2.46255
796 -2.46533
797 -2.46812
798 -2.47091
799 -2.4737
800 -2.47649
801 -2.47928
802 -2.48206
803 -2.48485
804 -2.48764
805 -2.49043
806 -2.49322
807 -2.496
808 -2.49879
809 -2.50158
810 -2.50437
811 -2.50716
812 -2.50995
813 -2.51273
814 -2.51552
815 -2.51831
816 -2.5211
817 -2.52389
818 -2.52668
819 -2.52946
820 -2.53225
821 -2.53504
822 -2.53783
823 -2.54062
824 -2.5434
825 -2.54619
826 -2.54898
827 -2.55177
828 -2.55456
829 -2.55735
830 -2.56013
831 -2.56292
832 -2.56571
833 -2.5685
834 -2.57129
835 -2.57408
836 -2.57686
837 -2.57965
838 -2.58244
839 -2.58523
840 -2.58802
841 -2.5908
842 -2.59359
843 -2.59638
844 -2.59917
845 -2.60196
846 -2.60475
847 -2.60753
848 -2.61032
849 -2.61311
850 -2.6159
851 -2.61869
852 -2.62147
853 -2.62426
854 -2.62705
855 -2.62984
856 -2.63263
857 -2.63542
858 -2.6382
859 -2.64099
860 -2.64378
861 -2.64657
862 -2.64936
863 -2.65215
864 -2.65493
865 -2.65772
866 -2.66051
867 -2.6633
868 -2.66609
869 -2.66887
870 -2.67166
871 -2.67445
872 -2.67724
873 -2.68003
874 -2.68282
875 -2.6856
876 -2.68839
877 -2.69118
878 -2.69397
879 -2.69676
880 -2.69954
881 -2.70233
882 -2.70512
883 -2.70791
884 -2.7107
885 -2.71349
886 -2.71627
887 -2.71906
888 -2.72185
889 -2.72464
890 -2.72743
891 -2.73022
892 -2.733
893 -2.73579
894 -2.73858
895 -2.74137
896 -2.74416
897 -2.74694
898 -2.74973
899 -2.75252
900 -2.75531
901 -2.7581
902 -2.76089
903 -2.76367
904 -2.76646
905 -2.76925
906 -2.77204
907 -2.77483
908 -2.77762
909 -2.7804
910 -2.78319
911 -2.78598
912 -2.78877
913 -2.79156
914 -2.79434
915 -2.79713
916 -2.79992
917 -2.80271
918 -2.8055
919 -2.80829
920 -2.81107
921 -2.81386
922 -2.81665
923 -2.81944
924 -2.82223
925 -2.82501
926 -2.8278
927 -2.83059
928 -2.83338
929 -2.83617
930 -2.83896
931 -2.84174
932 -2.84453
933 -2.84732
934 -2.85011
935 -2.8529
936 -2.85569
937 -2.85847
938 -2.86126
939 -2.86405
940 -2.86684
941 -2.86963
942 -2.87241
943 -2.8752
944 -2.87799
945 -2.88078
946 -2.88357
947 -2.88636
948 -2.88914
949 -2.89193
950 -2.89472
951 -2.89751
952 -2.9003
953 -2.90308
954 -2.90587
955 -2.90866
956 -2.91145
957 -2.91424
958 -2.91703
959 -2.91981
960 -2.9226
961 -2.92539
962 -2.92818
963 -2.93097
964 -2.93376
965 -2.93654
966 -2.93933
967 -2.94212
968 -2.94491
969 -2.9477
970 -2.95048
971 -2.95327
972 -2.95606
973 -2.95885
974 -2.96164
975 -2.96443
976 -2.96721
977 -2.97
978 -2.97279
979 -2.97558
980 -2.97837
981 -2.98116
982 -2.98394
983 -2.98673
984 -2.98952
985 -2.99231
986 -2.9951
987 -2.99788
988 -3.00067
989 -3.00346
990 -3.00625
991 -3.00904
992 -3.01183
993 -3.01461
994 -3.0174
995 -3.02019
996 -3.02298
997 -3.02577
998 -3.02855
999 -3.03134
1000 -3.03413
1001 -3.03692
1002 -3.03971
1003 -3.0425
1004 -3.04528
1005 -3.04807
1006 -3.05086
1007 -3.05365
1008 -3.05644
1009 -3.05923
1010 -3.06201
1011 -3.0648
1012 -3.06759
1013 -3.07038
1014 -3.07317
1015 -3.07595
1016 -3.07874
1017 -3.08153
1018 -3.08432
1019 -3.08711
1020 -3.0899
1021 -3.09268
1022 -3.09547
1023 -3.09826
1024 -3.10105
1025 -3.10384
1026 -3.10662
1027 -3.10941
1028 -3.1122
1029 -3.11499
1030 -3.11778
1031 -3.12057
1032 -3.12335
1033 -3.12614
1034 -3.12893
1035 -3.13172
1036 -3.13451
1037 -3.1373
1038 -3.14008
1039 -3.14287
1040 -3.14566
1041 -3.14845
1042 -3.15124
1043 -3.15402
1044 -3.15681
1045 -3.1596
1046 -3.16239
1047 -3.16518
1048 -3.16797
1049 -3.17075
1050 -3.17354
1051 -3.17633
1052 -3.17912
1053 -3.18191
1054 -3.18469
1055 -3.18748
1056 -3.19027
1057 -3.19306
1058 -3.19585
1059 -3.19864
1060 -3.20142
1061 -3.20421
1062 -3.207
1063 -3.20979
1064 -3.21258
1065 -3.21537
1066 -3.21815
1067 -3.22094
1068 -3.22373
1069 -3.22652
1070 -3.22931
1071 -3.23209
1072 -3.23488
1073 -3.23767
1074 -3.24046
1075 -3.24325
1076 -3.24604
1077 -3.24882
1078 -3.25161
1079 -3.2544
1080 -3.25719
1081 -3.25998
1082 -3.26277
1083 -3.26555
1084 -3.26834
1085 -3.27113
1086 -3.27392
1087 -3.27671
1088 -3.27949
1089 -3.28228
1090 -3.28507
1091 -3.28786
1092 -3.29065
1093 -3.29344
1094 -3.29622
1095 -3.29901
1096 -3.3018
1097 -3.30459
1098 -3.30738
1099 -3.31016
1100 -3.31295
1101 -3.31574
1102 -3.31853
1103 -3.32132
1104 -3.32411
1105 -3.32689
1106 -3.32968
1107 -3.33247
1108 -3.33526
1109 -3.33805
1110 -3.34084
1111 -3.34362
1112 -3.34641
1113 -3.3492
1114 -3.35199
1115 -3.35478
1116 -3.35756
1117 -3.36035
1118 -3.36314
1119 -3.36593
1120 -3.36872
1121 -3.37151
1122 -3.37429
1123 -3.37708
1124 -3.37987
1125 -3.38266
1126 -3.38545
1127 -3.38823
1128 -3.39102
1129 -3.39381
1130 -3.3966
1131 -3.39939
1132 -3.40218
1133 -3.40496
1134 -3.40775
1135 -3.41054
1136 -3.41333
1137 -3.41612
1138 -3.41891
1139 -3.42169
1140 -3.42448
1141 -3.42727
1142 -3.43006
1143 -3.43285
1144 -3.43563
1145 -3.43842
1146 -3.44121
1147 -3.444
1148 -3.44679
1149 -3.44958
1150 -3.45236
1151 -3.45515
1152 -3.45794
1153 -3.46073
1154 -3.46352
1155 -3.46631
1156 -3.46909
1157 -3.47188
1158 -3.47467
1159 -3.47746
1160 -3.48025
1161 -3.48303
1162 -3.48582
1163 -3.48861
1164 -3.4914
1165 -3.49419
1166 -3.49698
1167 -3.49976
1168 -3.50255
1169 -3.50534
1170 -3.50813
1171 -3.51092
1172 -3.5137
1173 -3.51649
1174 -3.51928
1175 -3.52207
1176 -3.52486
1177 -3.52765
1178 -3.53043
1179 -3.53322
1180 -3.53601
1181 -3.5388
1182 -3.54159
1183 -3.54438
1184 -3.54716
1185 -3.54995
1186 -3.55274
1187 -3.55553
1188 -3.55832
1189 -3.5611
1190 -3.56389
1191 -3.56668
1192 -3.56947
1193 -3.57226
1194 -3.57505
1195 -3.57783
1196 -3.58062
1197 -3.58341
1198 -3.5862
1199 -3.58899
1200 -3.59177
1201 -3.59456
1202 -3.59735
1203 -3.60014
1204 -3.60293
1205 -3.60572
1206 -3.6085
1207 -3.61129
1208 -3.61408
1209 -3.61687
1210 -3.61966
1211 -3.62245
1212 -3.62523
1213 -3.62802
1214 -3.63081
1215 -3.6336
1216 -3.63639
1217 -3.63917
1218 -3.64196
1219 -3.64475
1220 -3.64754
1221 -3.65033
1222 -3.65312
1223 -3.6559
1224 -3.65869
1225 -3.66148
1226 -3.66427
1227 -3.66706
1228 -3.66985
1229 -3.67263
1230 -3.67542
1231 -3.67821
1232 -3.681
1233 -3.68379
1234 -3.68657
1235 -3.68936
1236 -3.69215
1237 -3.69494
1238 -3.69773
1239 -3.70052
1240 -3.7033
1241 -3.70609
1242 -3.70888
1243 -3.71167
1244 -3.71446
1245 -3.71724
1246 -3.72003
1247 -3.72282
1248 -3.72561
1249 -3.7284
1250 -3.73119
1251 -3.73397
1252 -3.73676
1253 -3.73955
1254 -3.74234
1255 -3.74513
1256 -3.74792
1257 -3.7507
1258 -3.75349
1259 -3.75628
1260 -3.75907
1261 -3.76186
1262 -3.76464
1263 -3.76743
1264 -3.77022
1265 -3.77301
1266 -3.7758
1267 -3.77859
1268 -3.78137
1269 -3.78416
1270 -3.78695
1271 -3.78974
1272 -3.79253
1273 -3.79531
1274 -3.7981
1275 -3.80089
1276 -3.80368
1277 -3.80647
1278 -3.80926
1279 -3.81204
1280 -3.81483
1281 -3.81762
1282 -3.82041
1283 -3.8232
1284 -3.82599
1285 -3.82877
1286 -3.83156
1287 -3.83435
1288 -3.83714
1289 -3.83993
1290 -3.84271
1291 -3.8455
1292 -3.84829
1293 -3.85108
1294 -3.85387
1295 -3.85666
1296 -3.85944
1297 -3.86223
1298 -3.86502
1299 -3.86781
1300 -3.8706
1301 -3.87339
1302 -3.87617
1303 -3.87896
1304 -3.88175
1305 -3.88454
1306 -3.88733
1307 -3.89011
1308 -3.8929
1309 -3.89569
1310 -3.89848
1311 -3.90127
1312 -3.90406
1313 -3.90684
1314 -3.90963
1315 -3.91242
1316 -3.91521
1317 -3.918
1318 -3.92078
1319 -3.92357
1320 -3.92636
1321 -3.92915
1322 -3.93194
1323 -3.93473
1324 -3.93751
1325 -3.9403
1326 -3.94309
1327 -3.94588
1328 -3.94867
1329 -3.95146
1330 -3.95424
1331 -3.95703
1332 -3.95982
1333 -3.96261
1334 -3.9654
1335 -3.96818
1336 -3.97097
1337 -3.97376
1338 -3.97655
1339 -3.97934
1340 -3.98213
1341 -3.98491
1342 -3.9877
1343 -3.99049
1344 -3.99328
1345 -3.99607
1346 -3.99885
1347 -4.00164
