ZONE I= 5249 F=point
Variables = Iteration, Relative_Residue
1 0
2 -0.00510052
3 -0.0100852
4 -0.0149591
5 -0.019727
6 -0.0243934
7 -0.0289625
8 -0.0334382
9 -0.0378242
10 -0.0421241
11 -0.0463411
12 -0.0504784
13 -0.0545389
14 -0.0585253
15 -0.0624404
16 -0.0662865
17 -0.0700661
18 -0.0737815
19 -0.0774347
20 -0.0810278
21 -0.0845628
22 -0.0880414
23 -0.0914655
24 -0.0948367
25 -0.0981567
26 -0.101427
27 -0.104649
28 -0.107824
29 -0.110953
30 -0.114038
31 -0.117081
32 -0.120081
33 -0.123041
34 -0.125961
35 -0.128842
36 -0.131686
37 -0.134493
38 -0.137265
39 -0.140001
40 -0.142704
41 -0.145374
42 -0.148011
43 -0.150617
44 -0.153192
45 -0.155738
46 -0.158253
47 -0.16074
48 -0.163199
49 -0.16563
50 -0.168035
51 -0.170413
52 -0.172766
53 -0.175093
54 -0.177396
55 -0.179675
56 -0.18193
57 -0.184162
58 -0.186371
59 -0.188559
60 -0.190724
61 -0.192868
62 -0.194991
63 -0.197093
64 -0.199176
65 -0.201238
66 -0.203282
67 -0.205306
68 -0.207311
69 -0.209298
70 -0.211268
71 -0.213219
72 -0.215153
73 -0.21707
74 -0.21897
75 -0.220853
76 -0.222721
77 -0.224572
78 -0.226408
79 -0.228228
80 -0.230033
81 -0.231823
82 -0.233599
83 -0.23536
84 -0.237107
85 -0.238839
86 -0.240558
87 -0.242264
88 -0.243956
89 -0.245635
90 -0.247301
91 -0.248954
92 -0.250595
93 -0.252223
94 -0.253839
95 -0.255443
96 -0.257035
97 -0.258616
98 -0.260185
99 -0.261743
100 -0.263289
101 -0.264825
102 -0.26635
103 -0.267864
104 -0.269367
105 -0.270861
106 -0.272343
107 -0.273816
108 -0.275279
109 -0.276732
110 -0.278175
111 -0.279609
112 -0.281033
113 -0.282448
114 -0.283854
115 -0.28525
116 -0.286638
117 -0.288017
118 -0.289387
119 -0.290748
120 -0.292102
121 -0.293446
122 -0.294783
123 -0.296111
124 -0.297431
125 -0.298744
126 -0.300048
127 -0.301345
128 -0.302634
129 -0.303915
130 -0.305189
131 -0.306456
132 -0.307716
133 -0.308968
134 -0.310213
135 -0.311452
136 -0.312683
137 -0.313908
138 -0.315125
139 -0.316337
140 -0.317541
141 -0.318739
142 -0.319931
143 -0.321117
144 -0.322296
145 -0.323469
146 -0.324636
147 -0.325797
148 -0.326952
149 -0.328102
150 -0.329245
151 -0.330383
152 -0.331515
153 -0.332642
154 -0.333763
155 -0.334879
156 -0.335989
157 -0.337094
158 -0.338194
159 -0.339288
160 -0.340378
161 -0.341463
162 -0.342542
163 -0.343617
164 -0.344687
165 -0.345752
166 -0.346812
167 -0.347868
168 -0.348919
169 -0.349965
170 -0.351007
171 -0.352045
172 -0.353078
173 -0.354107
174 -0.355131
175 -0.356152
176 -0.357168
177 -0.35818
178 -0.359188
179 -0.360192
180 -0.361192
181 -0.362188
182 -0.36318
183 -0.364169
184 -0.365154
185 -0.366135
186 -0.367112
187 -0.368085
188 -0.369056
189 -0.370022
190 -0.370985
191 -0.371945
192 -0.372901
193 -0.373854
194 -0.374803
195 -0.37575
196 -0.376693
197 -0.377633
198 -0.378569
199 -0.379503
200 -0.380433
201 -0.381361
202 -0.382285
203 -0.383207
204 -0.384125
205 -0.385041
206 -0.385954
207 -0.386864
208 -0.387771
209 -0.388676
210 -0.389578
211 -0.390477
212 -0.391374
213 -0.392268
214 -0.393159
215 -0.394048
216 -0.394934
217 -0.395818
218 -0.3967
219 -0.397579
220 -0.398455
221 -0.39933
222 -0.400202
223 -0.401072
224 -0.401939
225 -0.402804
226 -0.403668
227 -0.404529
228 -0.405387
229 -0.406244
230 -0.407099
231 -0.407951
232 -0.408802
233 -0.40965
234 -0.410497
235 -0.411342
236 -0.412184
237 -0.413025
238 -0.413864
239 -0.414701
240 -0.415536
241 -0.41637
242 -0.417202
243 -0.418032
244 -0.41886
245 -0.419686
246 -0.420511
247 -0.421334
248 -0.422156
249 -0.422976
250 -0.423794
251 -0.424611
252 -0.425426
253 -0.42624
254 -0.427052
255 -0.427863
256 -0.428672
257 -0.42948
258 -0.430286
259 -0.431091
260 -0.431895
261 -0.432697
262 -0.433498
263 -0.434297
264 -0.435095
265 -0.435892
266 -0.436688
267 -0.437482
268 -0.438275
269 -0.439067
270 -0.439858
271 -0.440647
272 -0.441435
273 -0.442222
274 -0.443008
275 -0.443793
276 -0.444577
277 -0.445359
278 -0.446141
279 -0.446921
280 -0.447701
281 -0.448479
282 -0.449256
283 -0.450033
284 -0.450808
285 -0.451582
286 -0.452356
287 -0.453128
288 -0.4539
289 -0.45467
290 -0.45544
291 -0.456208
292 -0.456976
293 -0.457743
294 -0.458509
295 -0.459274
296 -0.460039
297 -0.460802
298 -0.461565
299 -0.462327
300 -0.463088
301 -0.463848
302 -0.464608
303 -0.465366
304 -0.466124
305 -0.466882
306 -0.467638
307 -0.468394
308 -0.469149
309 -0.469904
310 -0.470657
311 -0.47141
312 -0.472163
313 -0.472914
314 -0.473665
315 -0.474416
316 -0.475166
317 -0.475915
318 -0.476663
319 -0.477411
320 -0.478159
321 -0.478905
322 -0.479651
323 -0.480397
324 -0.481142
325 -0.481886
326 -0.48263
327 -0.483374
328 -0.484117
329 -0.484859
330 -0.485601
331 -0.486342
332 -0.487083
333 -0.487823
334 -0.488563
335 -0.489302
336 -0.490041
337 -0.490779
338 -0.491517
339 -0.492255
340 -0.492992
341 -0.493728
342 -0.494465
343 -0.4952
344 -0.495936
345 -0.496671
346 -0.497405
347 -0.498139
348 -0.498873
349 -0.499606
350 -0.500339
351 -0.501072
352 -0.501804
353 -0.502536
354 -0.503267
355 -0.503998
356 -0.504729
357 -0.505459
358 -0.506189
359 -0.506919
360 -0.507649
361 -0.508378
362 -0.509106
363 -0.509835
364 -0.510563
365 -0.511291
366 -0.512018
367 -0.512746
368 -0.513473
369 -0.514199
370 -0.514926
371 -0.515652
372 -0.516378
373 -0.517103
374 -0.517828
375 -0.518553
376 -0.519278
377 -0.520003
378 -0.520727
379 -0.521451
380 -0.522175
381 -0.522898
382 -0.523622
383 -0.524345
384 -0.525068
385 -0.52579
386 -0.526513
387 -0.527235
388 -0.527957
389 -0.528679
390 -0.529401
391 -0.530122
392 -0.530843
393 -0.531564
394 -0.532285
395 -0.533006
396 -0.533726
397 -0.534446
398 -0.535166
399 -0.535886
400 -0.536606
401 -0.537326
402 -0.538045
403 -0.538764
404 -0.539483
405 -0.540202
406 -0.540921
407 -0.54164
408 -0.542358
409 -0.543076
410 -0.543794
411 -0.544512
412 -0.54523
413 -0.545948
414 -0.546666
415 -0.547383
416 -0.5481
417 -0.548818
418 -0.549535
419 -0.550252
420 -0.550968
421 -0.551685
422 -0.552402
423 -0.553118
424 -0.553834
425 -0.554551
426 -0.555267
427 -0.555983
428 -0.556699
429 -0.557415
430 -0.55813
431 -0.558846
432 -0.559561
433 -0.560277
434 -0.560992
435 -0.561707
436 -0.562422
437 -0.563137
438 -0.563852
439 -0.564567
440 -0.565282
441 -0.565997
442 -0.566711
443 -0.567426
444 -0.56814
445 -0.568855
446 -0.569569
447 -0.570283
448 -0.570997
449 -0.571711
450 -0.572425
451 -0.573139
452 -0.573853
453 -0.574567
454 -0.575281
455 -0.575994
456 -0.576708
457 -0.577422
458 -0.578135
459 -0.578848
460 -0.579562
461 -0.580275
462 -0.580988
463 -0.581702
464 -0.582415
465 -0.583128
466 -0.583841
467 -0.584554
468 -0.585267
469 -0.58598
470 -0.586693
471 -0.587405
472 -0.588118
473 -0.588831
474 -0.589544
475 -0.590256
476 -0.590969
477 -0.591681
478 -0.592394
479 -0.593106
480 -0.593819
481 -0.594531
482 -0.595244
483 -0.595956
484 -0.596668
485 -0.597381
486 -0.598093
487 -0.598805
488 -0.599517
489 -0.600229
490 -0.600942
491 -0.601654
492 -0.602366
493 -0.603078
494 -0.60379
495 -0.604502
496 -0.605214
497 -0.605926
498 -0.606638
499 -0.60735
500 -0.608061
501 -0.608773
502 -0.609485
503 -0.610197
504 -0.610909
505 -0.611621
506 -0.612332
507 -0.613044
508 -0.613756
509 -0.614467
510 -0.615179
511 -0.615891
512 -0.616603
513 -0.617314
514 -0.618026
515 -0.618737
516 -0.619449
517 -0.620161
518 -0.620872
519 -0.621584
520 -0.622295
521 -0.623007
522 -0.623718
523 -0.62443
524 -0.625142
525 -0.625853
526 -0.626565
527 -0.627276
528 -0.627988
529 -0.628699
530 -0.62941
531 -0.630122
532 -0.630833
533 -0.631545
534 -0.632256
535 -0.632968
536 -0.633679
537 -0.634391
538 -0.635102
539 -0.635814
540 -0.636525
541 -0.637236
542 -0.637948
543 -0.638659
544 -0.639371
545 -0.640082
546 -0.640793
547 -0.641505
548 -0.642216
549 -0.642928
550 -0.643639
551 -0.644351
552 -0.645062
553 -0.645773
554 -0.646485
555 -0.647196
556 -0.647908
557 -0.648619
558 -0.64933
559 -0.650042
560 -0.650753
561 -0.651465
562 -0.652176
563 -0.652888
564 -0.653599
565 -0.65431
566 -0.655022
567 -0.655733
568 -0.656445
569 -0.657156
570 -0.657868
571 -0.658579
572 -0.659291
573 -0.660002
574 -0.660713
575 -0.661425
576 -0.662136
577 -0.662848
578 -0.663559
579 -0.664271
580 -0.664982
581 -0.665694
582 -0.666405
583 -0.667117
584 -0.667828
585 -0.66854
586 -0.669252
587 -0.669963
588 -0.670675
589 -0.671386
590 -0.672098
591 -0.672809
592 -0.673521
593 -0.674232
594 -0.674944
595 -0.675656
596 -0.676367
597 -0.677079
598 -0.67779
599 -0.678502
600 -0.679214
601 -0.679925
602 -0.680637
603 -0.681349
604 -0.68206
605 -0.682772
606 -0.683484
607 -0.684195
608 -0.684907
609 -0.685619
610 -0.686331
611 -0.687042
612 -0.687754
613 -0.688466
614 -0.689178
615 -0.689889
616 -0.690601
617 -0.691313
618 -0.692025
619 -0.692736
620 -0.693448
621 -0.69416
622 -0.694872
623 -0.695584
624 -0.696296
625 -0.697007
626 -0.697719
627 -0.698431
628 -0.699143
629 -0.699855
630 -0.700567
631 -0.701279
632 -0.701991
633 -0.702703
634 -0.703415
635 -0.704126
636 -0.704838
637 -0.70555
638 -0.706262
639 -0.706974
640 -0.707686
641 -0.708398
642 -0.70911
643 -0.709822
644 -0.710534
645 -0.711246
646 -0.711959
647 -0.712671
648 -0.713383
649 -0.714095
650 -0.714807
651 -0.715519
652 -0.716231
653 -0.716943
654 -0.717655
655 -0.718367
656 -0.71908
657 -0.719792
658 -0.720504
659 -0.721216
660 -0.721928
661 -0.722641
662 -0.723353
663 -0.724065
664 -0.724777
665 -0.725489
666 -0.726202
667 -0.726914
668 -0.727626
669 -0.728339
670 -0.729051
671 -0.729763
672 -0.730475
673 -0.731188
674 -0.7319
675 -0.732612
676 -0.733325
677 -0.734037
678 -0.73475
679 -0.735462
680 -0.736174
681 -0.736887
682 -0.737599
683 -0.738312
684 -0.739024
685 -0.739736
686 -0.740449
687 -0.741161
688 -0.741874
689 -0.742586
690 -0.743299
691 -0.744011
692 -0.744724
693 -0.745436
694 -0.746149
695 -0.746861
696 -0.747574
697 -0.748287
698 -0.748999
699 -0.749712
700 -0.750424
701 -0.751137
702 -0.751849
703 -0.752562
704 -0.753275
705 -0.753987
706 -0.7547
707 -0.755413
708 -0.756125
709 -0.756838
710 -0.757551
711 -0.758263
712 -0.758976
713 -0.759689
714 -0.760401
715 -0.761114
716 -0.761827
717 -0.76254
718 -0.763252
719 -0.763965
720 -0.764678
721 -0.765391
722 -0.766104
723 -0.766816
724 -0.767529
725 -0.768242
726 -0.768955
727 -0.769668
728 -0.77038
729 -0.771093
730 -0.771806
731 -0.772519
732 -0.773232
733 -0.773945
734 -0.774658
735 -0.775371
736 -0.776083
737 -0.776796
738 -0.777509
739 -0.778222
740 -0.778935
741 -0.779648
742 -0.780361
743 -0.781074
744 -0.781787
745 -0.7825
746 -0.783213
747 -0.783926
748 -0.784639
749 -0.785352
750 -0.786065
751 -0.786778
752 -0.787491
753 -0.788204
754 -0.788917
755 -0.78963
756 -0.790343
757 -0.791057
758 -0.79177
759 -0.792483
760 -0.793196
761 -0.793909
762 -0.794622
763 -0.795335
764 -0.796048
765 -0.796761
766 -0.797475
767 -0.798188
768 -0.798901
769 -0.799614
770 -0.800327
771 -0.80104
772 -0.801754
773 -0.802467
774 -0.80318
775 -0.803893
776 -0.804606
777 -0.80532
778 -0.806033
779 -0.806746
780 -0.807459
781 -0.808173
782 -0.808886
783 -0.809599
784 -0.810313
785 -0.811026
786 -0.811739
787 -0.812452
788 -0.813166
789 -0.813879
790 -0.814592
791 -0.815306
792 -0.816019
793 -0.816732
794 -0.817446
795 -0.818159
796 -0.818872
797 -0.819586
798 -0.820299
799 -0.821013
800 -0.821726
801 -0.822439
802 -0.823153
803 -0.823866
804 -0.82458
805 -0.825293
806 -0.826006
807 -0.82672
808 -0.827433
809 -0.828147
810 -0.82886
811 -0.829574
812 -0.830287
813 -0.831001
814 -0.831714
815 -0.832428
816 -0.833141
817 -0.833855
818 -0.834568
819 -0.835282
820 -0.835995
821 -0.836709
822 -0.837422
823 -0.838136
824 -0.838849
825 -0.839563
826 -0.840276
827 -0.84099
828 -0.841703
829 -0.842417
830 -0.84313
831 -0.843844
832 -0.844558
833 -0.845271
834 -0.845985
835 -0.846698
836 -0.847412
837 -0.848126
838 -0.848839
839 -0.849553
840 -0.850266
841 -0.85098
842 -0.851694
843 -0.852407
844 -0.853121
845 -0.853835
846 -0.854548
847 -0.855262
848 -0.855976
849 -0.856689
850 -0.857403
851 -0.858117
852 -0.85883
853 -0.859544
854 -0.860258
855 -0.860971
856 -0.861685
857 -0.862399
858 -0.863113
859 -0.863826
860 -0.86454
861 -0.865254
862 -0.865967
863 -0.866681
864 -0.867395
865 -0.868109
866 -0.868822
867 -0.869536
868 -0.87025
869 -0.870964
870 -0.871677
871 -0.872391
872 -0.873105
873 -0.873819
874 -0.874533
875 -0.875246
876 -0.87596
877 -0.876674
878 -0.877388
879 -0.878102
880 -0.878815
881 -0.879529
882 -0.880243
883 -0.880957
884 -0.881671
885 -0.882385
886 -0.883098
887 -0.883812
888 -0.884526
889 -0.88524
890 -0.885954
891 -0.886668
892 -0.887382
893 -0.888095
894 -0.888809
895 -0.889523
896 -0.890237
897 -0.890951
898 -0.891665
899 -0.892379
900 -0.893093
901 -0.893806
902 -0.89452
903 -0.895234
904 -0.895948
905 -0.896662
906 -0.897376
907 -0.89809
908 -0.898804
909 -0.899518
910 -0.900232
911 -0.900946
912 -0.90166
913 -0.902374
914 -0.903087
915 -0.903801
916 -0.904515
917 -0.905229
918 -0.905943
919 -0.906657
920 -0.907371
921 -0.908085
922 -0.908799
923 -0.909513
924 -0.910227
925 -0.910941
926 -0.911655
927 -0.912369
928 -0.913083
929 -0.913797
930 -0.914511
931 -0.915225
932 -0.915939
933 -0.916653
934 -0.917367
935 -0.918081
936 -0.918795
937 -0.919509
938 -0.920223
939 -0.920937
940 -0.921651
941 -0.922365
942 -0.923079
943 -0.923793
944 -0.924507
945 -0.925221
946 -0.925936
947 -0.92665
948 -0.927364
949 -0.928078
950 -0.928792
951 -0.929506
952 -0.93022
953 -0.930934
954 -0.931648
955 -0.932362
956 -0.933076
957 -0.93379
958 -0.934504
959 -0.935218
960 -0.935933
961 -0.936647
962 -0.937361
963 -0.938075
964 -0.938789
965 -0.939503
966 -0.940217
967 -0.940931
968 -0.941645
969 -0.942359
970 -0.943074
971 -0.943788
972 -0.944502
973 -0.945216
974 -0.94593
975 -0.946644
976 -0.947358
977 -0.948072
978 -0.948787
979 -0.949501
980 -0.950215
981 -0.950929
982 -0.951643
983 -0.952357
984 -0.953071
985 -0.953786
986 -0.9545
987 -0.955214
988 -0.955928
989 -0.956642
990 -0.957356
991 -0.958071
992 -0.958785
993 -0.959499
994 -0.960213
995 -0.960927
996 -0.961641
997 -0.962356
998 -0.96307
999 -0.963784
1000 -0.964498
1001 -0.965212
1002 -0.965927
1003 -0.966641
1004 -0.967355
1005 -0.968069
1006 -0.968783
1007 -0.969497
1008 -0.970212
1009 -0.970926
1010 -0.97164
1011 -0.972354
1012 -0.973069
1013 -0.973783
1014 -0.974497
1015 -0.975211
1016 -0.975925
1017 -0.97664
1018 -0.977354
1019 -0.978068
1020 -0.978782
1021 -0.979496
1022 -0.980211
1023 -0.980925
1024 -0.981639
1025 -0.982353
1026 -0.983068
1027 -0.983782
1028 -0.984496
1029 -0.98521
1030 -0.985925
1031 -0.986639
1032 -0.987353
1033 -0.988067
1034 -0.988782
1035 -0.989496
1036 -0.99021
1037 -0.990924
1038 -0.991639
1039 -0.992353
1040 -0.993067
1041 -0.993781
1042 -0.994496
1043 -0.99521
1044 -0.995924
1045 -0.996638
1046 -0.997353
1047 -0.998067
1048 -0.998781
1049 -0.999496
1050 -1.00021
1051 -1.00092
1052 -1.00164
1053 -1.00235
1054 -1.00307
1055 -1.00378
1056 -1.0045
1057 -1.00521
1058 -1.00592
1059 -1.00664
1060 -1.00735
1061 -1.00807
1062 -1.00878
1063 -1.0095
1064 -1.01021
1065 -1.01092
1066 -1.01164
1067 -1.01235
1068 -1.01307
1069 -1.01378
1070 -1.0145
1071 -1.01521
1072 -1.01592
1073 -1.01664
1074 -1.01735
1075 -1.01807
1076 -1.01878
1077 -1.0195
1078 -1.02021
1079 -1.02092
1080 -1.02164
1081 -1.02235
1082 -1.02307
1083 -1.02378
1084 -1.0245
1085 -1.02521
1086 -1.02592
1087 -1.02664
1088 -1.02735
1089 -1.02807
1090 -1.02878
1091 -1.0295
1092 -1.03021
1093 -1.03093
1094 -1.03164
1095 -1.03235
1096 -1.03307
1097 -1.03378
1098 -1.0345
1099 -1.03521
1100 -1.03593
1101 -1.03664
1102 -1.03735
1103 -1.03807
1104 -1.03878
1105 -1.0395
1106 -1.04021
1107 -1.04093
1108 -1.04164
1109 -1.04235
1110 -1.04307
1111 -1.04378
1112 -1.0445
1113 -1.04521
1114 -1.04593
1115 -1.04664
1116 -1.04736
1117 -1.04807
1118 -1.04878
1119 -1.0495
1120 -1.05021
1121 -1.05093
1122 -1.05164
1123 -1.05236
1124 -1.05307
1125 -1.05378
1126 -1.0545
1127 -1.05521
1128 -1.05593
1129 -1.05664
1130 -1.05736
1131 -1.05807
1132 -1.05879
1133 -1.0595
1134 -1.06021
1135 -1.06093
1136 -1.06164
1137 -1.06236
1138 -1.06307
1139 -1.06379
1140 -1.0645
1141 -1.06521
1142 -1.06593
1143 -1.06664
1144 -1.06736
1145 -1.06807
1146 -1.06879
1147 -1.0695
1148 -1.07022
1149 -1.07093
1150 -1.07164
1151 -1.07236
1152 -1.07307
1153 -1.07379
1154 -1.0745
1155 -1.07522
1156 -1.07593
1157 -1.07664
1158 -1.07736
1159 -1.07807
1160 -1.07879
1161 -1.0795
1162 -1.08022
1163 -1.08093
1164 -1.08165
1165 -1.08236
1166 -1.08307
1167 -1.08379
1168 -1.0845
1169 -1.08522
1170 -1.08593
1171 -1.08665
1172 -1.08736
1173 -1.08808
1174 -1.08879
1175 -1.0895
1176 -1.09022
1177 -1.09093
1178 -1.09165
1179 -1.09236
1180 -1.09308
1181 -1.09379
1182 -1.09451
1183 -1.09522
1184 -1.09593
1185 -1.09665
1186 -1.09736
1187 -1.09808
1188 -1.09879
1189 -1.09951
1190 -1.10022
1191 -1.10094
1192 -1.10165
1193 -1.10236
1194 -1.10308
1195 -1.10379
1196 -1.10451
1197 -1.10522
1198 -1.10594
1199 -1.10665
1200 -1.10736
1201 -1.10808
1202 -1.10879
1203 -1.10951
1204 -1.11022
1205 -1.11094
1206 -1.11165
1207 -1.11237
1208 -1.11308
1209 -1.11379
1210 -1.11451
1211 -1.11522
1212 -1.11594
1213 -1.11665
1214 -1.11737
1215 -1.11808
1216 -1.1188
1217 -1.11951
1218 -1.12022
1219 -1.12094
1220 -1.12165
1221 -1.12237
1222 -1.12308
1223 -1.1238
1224 -1.12451
1225 -1.12523
1226 -1.12594
1227 -1.12665
1228 -1.12737
1229 -1.12808
1230 -1.1288
1231 -1.12951
1232 -1.13023
1233 -1.13094
1234 -1.13166
1235 -1.13237
1236 -1.13308
1237 -1.1338
1238 -1.13451
1239 -1.13523
1240 -1.13594
1241 -1.13666
1242 -1.13737
1243 -1.13809
1244 -1.1388
1245 -1.13951
1246 -1.14023
1247 -1.14094
1248 -1.14166
1249 -1.14237
1250 -1.14309
1251 -1.1438
1252 -1.14452
1253 -1.14523
1254 -1.14595
1255 -1.14666
1256 -1.14737
1257 -1.14809
1258 -1.1488
1259 -1.14952
1260 -1.15023
1261 -1.15095
1262 -1.15166
1263 -1.15238
1264 -1.15309
1265 -1.1538
1266 -1.15452
1267 -1.15523
1268 -1.15595
1269 -1.15666
1270 -1.15738
1271 -1.15809
1272 -1.15881
1273 -1.15952
1274 -1.16023
1275 -1.16095
1276 -1.16166
1277 -1.16238
1278 -1.16309
1279 -1.16381
1280 -1.16452
1281 -1.16524
1282 -1.16595
1283 -1.16666
1284 -1.16738
1285 -1.16809
1286 -1.16881
1287 -1.16952
1288 -1.17024
1289 -1.17095
1290 -1.17167
1291 -1.17238
1292 -1.17309
1293 -1.17381
1294 -1.17452
1295 -1.17524
1296 -1.17595
1297 -1.17667
1298 -1.17738
1299 -1.1781
1300 -1.17881
1301 -1.17953
1302 -1.18024
1303 -1.18095
1304 -1.18167
1305 -1.18238
1306 -1.1831
1307 -1.18381
1308 -1.18453
1309 -1.18524
1310 -1.18596
1311 -1.18667
1312 -1.18738
1313 -1.1881
1314 -1.18881
1315 -1.18953
1316 -1.19024
1317 -1.19096
1318 -1.19167
1319 -1.19239
1320 -1.1931
1321 -1.19381
1322 -1.19453
1323 -1.19524
1324 -1.19596
1325 -1.19667
1326 -1.19739
1327 -1.1981
1328 -1.19882
1329 -1.19953
1330 -1.20025
1331 -1.20096
1332 -1.20167
1333 -1.20239
1334 -1.2031
1335 -1.20382
1336 -1.20453
1337 -1.20525
1338 -1.20596
1339 -1.20668
1340 -1.20739
1341 -1.2081
1342 -1.20882
1343 -1.20953
1344 -1.21025
1345 -1.21096
1346 -1.21168
1347 -1.21239
1348 -1.21311
1349 -1.21382
1350 -1.21453
1351 -1.21525
1352 -1.21596
1353 -1.21668
1354 -1.21739
1355 -1.21811
1356 -1.21882
1357 -1.21954
1358 -1.22025
1359 -1.22097
1360 -1.22168
1361 -1.22239
1362 -1.22311
1363 -1.22382
1364 -1.22454
1365 -1.22525
1366 -1.22597
1367 -1.22668
1368 -1.2274
1369 -1.22811
1370 -1.22882
1371 -1.22954
1372 -1.23025
1373 -1.23097
1374 -1.23168
1375 -1.2324
1376 -1.23311
1377 -1.23383
1378 -1.23454
1379 -1.23526
1380 -1.23597
1381 -1.23668
1382 -1.2374
1383 -1.23811
1384 -1.23883
1385 -1.23954
1386 -1.24026
1387 -1.24097
1388 -1.24169
1389 -1.2424
1390 -1.24311
1391 -1.24383
1392 -1.24454
1393 -1.24526
1394 -1.24597
1395 -1.24669
1396 -1.2474
1397 -1.24812
1398 -1.24883
1399 -1.24955
1400 -1.25026
1401 -1.25097
1402 -1.25169
1403 -1.2524
1404 -1.25312
1405 -1.25383
1406 -1.25455
1407 -1.25526
1408 -1.25598
1409 -1.25669
1410 -1.2574
1411 -1.25812
1412 -1.25883
1413 -1.25955
1414 -1.26026
1415 -1.26098
1416 -1.26169
1417 -1.26241
1418 -1.26312
1419 -1.26384
1420 -1.26455
1421 -1.26526
1422 -1.26598
1423 -1.26669
1424 -1.26741
1425 -1.26812
1426 -1.26884
1427 -1.26955
1428 -1.27027
1429 -1.27098
1430 -1.27169
1431 -1.27241
1432 -1.27312
1433 -1.27384
1434 -1.27455
1435 -1.27527
1436 -1.27598
1437 -1.2767
1438 -1.27741
1439 -1.27813
1440 -1.27884
1441 -1.27955
1442 -1.28027
1443 -1.28098
1444 -1.2817
1445 -1.28241
1446 -1.28313
1447 -1.28384
1448 -1.28456
1449 -1.28527
1450 -1.28599
1451 -1.2867
1452 -1.28741
1453 -1.28813
1454 -1.28884
1455 -1.28956
1456 -1.29027
1457 -1.29099
1458 -1.2917
1459 -1.29242
1460 -1.29313
1461 -1.29384
1462 -1.29456
1463 -1.29527
1464 -1.29599
1465 -1.2967
1466 -1.29742
1467 -1.29813
1468 -1.29885
1469 -1.29956
1470 -1.30028
1471 -1.30099
1472 -1.3017
1473 -1.30242
1474 -1.30313
1475 -1.30385
1476 -1.30456
1477 -1.30528
1478 -1.30599
1479 -1.30671
1480 -1.30742
1481 -1.30813
1482 -1.30885
1483 -1.30956
1484 -1.31028
1485 -1.31099
1486 -1.31171
1487 -1.31242
1488 -1.31314
1489 -1.31385
1490 -1.31457
1491 -1.31528
1492 -1.31599
1493 -1.31671
1494 -1.31742
1495 -1.31814
1496 -1.31885
1497 -1.31957
1498 -1.32028
1499 -1.321
1500 -1.32171
1501 -1.32243
1502 -1.32314
1503 -1.32385
1504 -1.32457
1505 -1.32528
1506 -1.326
1507 -1.32671
1508 -1.32743
1509 -1.32814
1510 -1.32886
1511 -1.32957
1512 -1.33028
1513 -1.331
1514 -1.33171
1515 -1.33243
1516 -1.33314
1517 -1.33386
1518 -1.33457
1519 -1.33529
1520 -1.336
1521 -1.33672
1522 -1.33743
1523 -1.33814
1524 -1.33886
1525 -1.33957
1526 -1.34029
1527 -1.341
1528 -1.34172
1529 -1.34243
1530 -1.34315
1531 -1.34386
1532 -1.34458
1533 -1.34529
1534 -1.346
1535 -1.34672
1536 -1.34743
1537 -1.34815
1538 -1.34886
1539 -1.34958
1540 -1.35029
1541 -1.35101
1542 -1.35172
1543 -1.35243
1544 -1.35315
1545 -1.35386
1546 -1.35458
1547 -1.35529
1548 -1.35601
1549 -1.35672
1550 -1.35744
1551 -1.35815
1552 -1.35887
1553 -1.35958
1554 -1.36029
1555 -1.36101
1556 -1.36172
1557 -1.36244
1558 -1.36315
1559 -1.36387
1560 -1.36458
1561 -1.3653
1562 -1.36601
1563 -1.36673
1564 -1.36744
1565 -1.36815
1566 -1.36887
1567 -1.36958
1568 -1.3703
1569 -1.37101
1570 -1.37173
1571 -1.37244
1572 -1.37316
1573 -1.37387
1574 -1.37459
1575 -1.3753
1576 -1.37601
1577 -1.37673
1578 -1.37744
1579 -1.37816
1580 -1.37887
1581 -1.37959
1582 -1.3803
1583 -1.38102
1584 -1.38173
1585 -1.38244
1586 -1.38316
1587 -1.38387
1588 -1.38459
1589 -1.3853
1590 -1.38602
1591 -1.38673
1592 -1.38745
1593 -1.38816
1594 -1.38888
1595 -1.38959
1596 -1.3903
1597 -1.39102
1598 -1.39173
1599 -1.39245
1600 -1.39316
1601 -1.39388
1602 -1.39459
1603 -1.39531
1604 -1.39602
1605 -1.39674
1606 -1.39745
1607 -1.39816
1608 -1.39888
1609 -1.39959
1610 -1.40031
1611 -1.40102
1612 -1.40174
1613 -1.40245
1614 -1.40317
1615 -1.40388
1616 -1.40459
1617 -1.40531
1618 -1.40602
1619 -1.40674
1620 -1.40745
1621 -1.40817
1622 -1.40888
1623 -1.4096
1624 -1.41031
1625 -1.41103
1626 -1.41174
1627 -1.41245
1628 -1.41317
1629 -1.41388
1630 -1.4146
1631 -1.41531
1632 -1.41603
1633 -1.41674
1634 -1.41746
1635 -1.41817
1636 -1.41889
1637 -1.4196
1638 -1.42031
1639 -1.42103
1640 -1.42174
1641 -1.42246
1642 -1.42317
1643 -1.42389
1644 -1.4246
1645 -1.42532
1646 -1.42603
1647 -1.42675
1648 -1.42746
1649 -1.42817
1650 -1.42889
1651 -1.4296
1652 -1.43032
1653 -1.43103
1654 -1.43175
1655 -1.43246
1656 -1.43318
1657 -1.43389
1658 -1.4346
1659 -1.43532
1660 -1.43603
1661 -1.43675
1662 -1.43746
1663 -1.43818
1664 -1.43889
1665 -1.43961
1666 -1.44032
1667 -1.44104
1668 -1.44175
1669 -1.44246
1670 -1.44318
1671 -1.44389
1672 -1.44461
1673 -1.44532
1674 -1.44604
1675 -1.44675
1676 -1.44747
1677 -1.44818
1678 -1.4489
1679 -1.44961
1680 -1.45032
1681 -1.45104
1682 -1.45175
1683 -1.45247
1684 -1.45318
1685 -1.4539
1686 -1.45461
1687 -1.45533
1688 -1.45604
1689 -1.45676
1690 -1.45747
1691 -1.45818
1692 -1.4589
1693 -1.45961
1694 -1.46033
1695 -1.46104
1696 -1.46176
1697 -1.46247
1698 -1.46319
1699 -1.4639
1700 -1.46462
1701 -1.46533
1702 -1.46604
1703 -1.46676
1704 -1.46747
1705 -1.46819
1706 -1.4689
1707 -1.46962
1708 -1.47033
1709 -1.47105
1710 -1.47176
1711 -1.47247
1712 -1.47319
1713 -1.4739
1714 -1.47462
1715 -1.47533
1716 -1.47605
1717 -1.47676
1718 -1.47748
1719 -1.47819
1720 -1.47891
1721 -1.47962
1722 -1.48033
1723 -1.48105
1724 -1.48176
1725 -1.48248
1726 -1.48319
1727 -1.48391
1728 -1.48462
1729 -1.48534
1730 -1.48605
1731 -1.48677
1732 -1.48748
1733 -1.48819
1734 -1.48891
1735 -1.48962
1736 -1.49034
1737 -1.49105
1738 -1.49177
1739 -1.49248
1740 -1.4932
1741 -1.49391
1742 -1.49463
1743 -1.49534
1744 -1.49605
1745 -1.49677
1746 -1.49748
1747 -1.4982
1748 -1.49891
1749 -1.49963
1750 -1.50034
1751 -1.50106
1752 -1.50177
1753 -1.50248
1754 -1.5032
1755 -1.50391
1756 -1.50463
1757 -1.50534
1758 -1.50606
1759 -1.50677
1760 -1.50749
1761 -1.5082
1762 -1.50892
1763 -1.50963
1764 -1.51034
1765 -1.51106
1766 -1.51177
1767 -1.51249
1768 -1.5132
1769 -1.51392
1770 -1.51463
1771 -1.51535
1772 -1.51606
1773 -1.51678
1774 -1.51749
1775 -1.5182
1776 -1.51892
1777 -1.51963
1778 -1.52035
1779 -1.52106
1780 -1.52178
1781 -1.52249
1782 -1.52321
1783 -1.52392
1784 -1.52464
1785 -1.52535
1786 -1.52606
1787 -1.52678
1788 -1.52749
1789 -1.52821
1790 -1.52892
1791 -1.52964
1792 -1.53035
1793 -1.53107
1794 -1.53178
1795 -1.5325
1796 -1.53321
1797 -1.53392
1798 -1.53464
1799 -1.53535
1800 -1.53607
1801 -1.53678
1802 -1.5375
1803 -1.53821
1804 -1.53893
1805 -1.53964
1806 -1.54035
1807 -1.54107
1808 -1.54178
1809 -1.5425
1810 -1.54321
1811 -1.54393
1812 -1.54464
1813 -1.54536
1814 -1.54607
1815 -1.54679
1816 -1.5475
1817 -1.54821
1818 -1.54893
1819 -1.54964
1820 -1.55036
1821 -1.55107
1822 -1.55179
1823 -1.5525
1824 -1.55322
1825 -1.55393
1826 -1.55465
1827 -1.55536
1828 -1.55607
1829 -1.55679
1830 -1.5575
1831 -1.55822
1832 -1.55893
1833 -1.55965
1834 -1.56036
1835 -1.56108
1836 -1.56179
1837 -1.56251
1838 -1.56322
1839 -1.56393
1840 -1.56465
1841 -1.56536
1842 -1.56608
1843 -1.56679
1844 -1.56751
1845 -1.56822
1846 -1.56894
1847 -1.56965
1848 -1.57037
1849 -1.57108
1850 -1.57179
1851 -1.57251
1852 -1.57322
1853 -1.57394
1854 -1.57465
1855 -1.57537
1856 -1.57608
1857 -1.5768
1858 -1.57751
1859 -1.57822
1860 -1.57894
1861 -1.57965
1862 -1.58037
1863 -1.58108
1864 -1.5818
1865 -1.58251
1866 -1.58323
1867 -1.58394
1868 -1.58466
1869 -1.58537
1870 -1.58608
1871 -1.5868
1872 -1.58751
1873 -1.58823
1874 -1.58894
1875 -1.58966
1876 -1.59037
1877 -1.59109
1878 -1.5918
1879 -1.59252
1880 -1.59323
1881 -1.59394
1882 -1.59466
1883 -1.59537
1884 -1.59609
1885 -1.5968
1886 -1.59752
1887 -1.59823
1888 -1.59895
1889 -1.59966
1890 -1.60038
1891 -1.60109
1892 -1.6018
1893 -1.60252
1894 -1.60323
1895 -1.60395
1896 -1.60466
1897 -1.60538
1898 -1.60609
1899 -1.60681
1900 -1.60752
1901 -1.60824
1902 -1.60895
1903 -1.60966
1904 -1.61038
1905 -1.61109
1906 -1.61181
1907 -1.61252
1908 -1.61324
1909 -1.61395
1910 -1.61467
1911 -1.61538
1912 -1.61609
1913 -1.61681
1914 -1.61752
1915 -1.61824
1916 -1.61895
1917 -1.61967
1918 -1.62038
1919 -1.6211
1920 -1.62181
1921 -1.62253
1922 -1.62324
1923 -1.62395
1924 -1.62467
1925 -1.62538
1926 -1.6261
1927 -1.62681
1928 -1.62753
1929 -1.62824
1930 -1.62896
1931 -1.62967
1932 -1.63039
1933 -1.6311
1934 -1.63181
1935 -1.63253
1936 -1.63324
1937 -1.63396
1938 -1.63467
1939 -1.63539
1940 -1.6361
1941 -1.63682
1942 -1.63753
1943 -1.63825
1944 -1.63896
1945 -1.63967
1946 -1.64039
1947 -1.6411
1948 -1.64182
1949 -1.64253
1950 -1.64325
1951 -1.64396
1952 -1.64468
1953 -1.64539
1954 -1.64611
1955 -1.64682
1956 -1.64753
1957 -1.64825
1958 -1.64896
1959 -1.64968
1960 -1.65039
1961 -1.65111
1962 -1.65182
1963 -1.65254
1964 -1.65325
1965 -1.65396
1966 -1.65468
1967 -1.65539
1968 -1.65611
1969 -1.65682
1970 -1.65754
1971 -1.65825
1972 -1.65897
1973 -1.65968
1974 -1.6604
1975 -1.66111
1976 -1.66182
1977 -1.66254
1978 -1.66325
1979 -1.66397
1980 -1.66468
1981 -1.6654
1982 -1.66611
1983 -1.66683
1984 -1.66754
1985 -1.66826
1986 -1.66897
1987 -1.66968
1988 -1.6704
1989 -1.67111
1990 -1.67183
1991 -1.67254
1992 -1.67326
1993 -1.67397
1994 -1.67469
1995 -1.6754
1996 -1.67612
1997 -1.67683
1998 -1.67754
1999 -1.67826
2000 -1.67897
2001 -1.67969
2002 -1.6804
2003 -1.68112
2004 -1.68183
2005 -1.68255
2006 -1.68326
2007 -1.68398
2008 -1.68469
2009 -1.6854
2010 -1.68612
2011 -1.68683
2012 -1.68755
2013 -1.68826
2014 -1.68898
2015 -1.68969
2016 -1.69041
2017 -1.69112
2018 -1.69183
2019 -1.69255
2020 -1.69326
2021 -1.69398
2022 -1.69469
2023 -1.69541
2024 -1.69612
2025 -1.69684
2026 -1.69755
2027 -1.69827
2028 -1.69898
2029 -1.69969
2030 -1.70041
2031 -1.70112
2032 -1.70184
2033 -1.70255
2034 -1.70327
2035 -1.70398
2036 -1.7047
2037 -1.70541
2038 -1.70613
2039 -1.70684
2040 -1.70755
2041 -1.70827
2042 -1.70898
2043 -1.7097
2044 -1.71041
2045 -1.71113
2046 -1.71184
2047 -1.71256
2048 -1.71327
2049 -1.71399
2050 -1.7147
2051 -1.71541
2052 -1.71613
2053 -1.71684
2054 -1.71756
2055 -1.71827
2056 -1.71899
2057 -1.7197
2058 -1.72042
2059 -1.72113
2060 -1.72185
2061 -1.72256
2062 -1.72327
2063 -1.72399
2064 -1.7247
2065 -1.72542
2066 -1.72613
2067 -1.72685
2068 -1.72756
2069 -1.72828
2070 -1.72899
2071 -1.72971
2072 -1.73042
2073 -1.73113
2074 -1.73185
2075 -1.73256
2076 -1.73328
2077 -1.73399
2078 -1.73471
2079 -1.73542
2080 -1.73614
2081 -1.73685
2082 -1.73756
2083 -1.73828
2084 -1.73899
2085 -1.73971
2086 -1.74042
2087 -1.74114
2088 -1.74185
2089 -1.74257
2090 -1.74328
2091 -1.744
2092 -1.74471
2093 -1.74542
2094 -1.74614
2095 -1.74685
2096 -1.74757
2097 -1.74828
2098 -1.749
2099 -1.74971
2100 -1.75043
2101 -1.75114
2102 -1.75186
2103 -1.75257
2104 -1.75328
2105 -1.754
2106 -1.75471
2107 -1.75543
2108 -1.75614
2109 -1.75686
2110 -1.75757
2111 -1.75829
2112 -1.759
2113 -1.75972
2114 -1.76043
2115 -1.76114
2116 -1.76186
2117 -1.76257
2118 -1.76329
2119 -1.764
2120 -1.76472
2121 -1.76543
2122 -1.76615
2123 -1.76686
2124 -1.76758
2125 -1.76829
2126 -1.769
2127 -1.76972
2128 -1.77043
2129 -1.77115
2130 -1.77186
2131 -1.77258
2132 -1.77329
2133 -1.77401
2134 -1.77472
2135 -1.77543
2136 -1.77615
2137 -1.77686
2138 -1.77758
2139 -1.77829
2140 -1.77901
2141 -1.77972
2142 -1.78044
2143 -1.78115
2144 -1.78187
2145 -1.78258
2146 -1.78329
2147 -1.78401
2148 -1.78472
2149 -1.78544
2150 -1.78615
2151 -1.78687
2152 -1.78758
2153 -1.7883
2154 -1.78901
2155 -1.78973
2156 -1.79044
2157 -1.79115
2158 -1.79187
2159 -1.79258
2160 -1.7933
2161 -1.79401
2162 -1.79473
2163 -1.79544
2164 -1.79616
2165 -1.79687
2166 -1.79759
2167 -1.7983
2168 -1.79901
2169 -1.79973
2170 -1.80044
2171 -1.80116
2172 -1.80187
2173 -1.80259
2174 -1.8033
2175 -1.80402
2176 -1.80473
2177 -1.80545
2178 -1.80616
2179 -1.80687
2180 -1.80759
2181 -1.8083
2182 -1.80902
2183 -1.80973
2184 -1.81045
2185 -1.81116
2186 -1.81188
2187 -1.81259
2188 -1.81331
2189 -1.81402
2190 -1.81473
2191 -1.81545
2192 -1.81616
2193 -1.81688
2194 -1.81759
2195 -1.81831
2196 -1.81902
2197 -1.81974
2198 -1.82045
2199 -1.82116
2200 -1.82188
2201 -1.82259
2202 -1.82331
2203 -1.82402
2204 -1.82474
2205 -1.82545
2206 -1.82617
2207 -1.82688
2208 -1.8276
2209 -1.82831
2210 -1.82902
2211 -1.82974
2212 -1.83045
2213 -1.83117
2214 -1.83188
2215 -1.8326
2216 -1.83331
2217 -1.83403
2218 -1.83474
2219 -1.83546
2220 -1.83617
2221 -1.83688
2222 -1.8376
2223 -1.83831
2224 -1.83903
2225 -1.83974
2226 -1.84046
2227 -1.84117
2228 -1.84189
2229 -1.8426
2230 -1.84332
2231 -1.84403
2232 -1.84474
2233 -1.84546
2234 -1.84617
2235 -1.84689
2236 -1.8476
2237 -1.84832
2238 -1.84903
2239 -1.84975
2240 -1.85046
2241 -1.85118
2242 -1.85189
2243 -1.8526
2244 -1.85332
2245 -1.85403
2246 -1.85475
2247 -1.85546
2248 -1.85618
2249 -1.85689
2250 -1.85761
2251 -1.85832
2252 -1.85903
2253 -1.85975
2254 -1.86046
2255 -1.86118
2256 -1.86189
2257 -1.86261
2258 -1.86332
2259 -1.86404
2260 -1.86475
2261 -1.86547
2262 -1.86618
2263 -1.86689
2264 -1.86761
2265 -1.86832
2266 -1.86904
2267 -1.86975
2268 -1.87047
2269 -1.87118
2270 -1.8719
2271 -1.87261
2272 -1.87333
2273 -1.87404
2274 -1.87475
2275 -1.87547
2276 -1.87618
2277 -1.8769
2278 -1.87761
2279 -1.87833
2280 -1.87904
2281 -1.87976
2282 -1.88047
2283 -1.88119
2284 -1.8819
2285 -1.88261
2286 -1.88333
2287 -1.88404
2288 -1.88476
2289 -1.88547
2290 -1.88619
2291 -1.8869
2292 -1.88762
2293 -1.88833
2294 -1.88905
2295 -1.88976
2296 -1.89047
2297 -1.89119
2298 -1.8919
2299 -1.89262
2300 -1.89333
2301 -1.89405
2302 -1.89476
2303 -1.89548
2304 -1.89619
2305 -1.89691
2306 -1.89762
2307 -1.89833
2308 -1.89905
2309 -1.89976
2310 -1.90048
2311 -1.90119
2312 -1.90191
2313 -1.90262
2314 -1.90334
2315 -1.90405
2316 -1.90476
2317 -1.90548
2318 -1.90619
2319 -1.90691
2320 -1.90762
2321 -1.90834
2322 -1.90905
2323 -1.90977
2324 -1.91048
2325 -1.9112
2326 -1.91191
2327 -1.91262
2328 -1.91334
2329 -1.91405
2330 -1.91477
2331 -1.91548
2332 -1.9162
2333 -1.91691
2334 -1.91763
2335 -1.91834
2336 -1.91906
2337 -1.91977
2338 -1.92048
2339 -1.9212
2340 -1.92191
2341 -1.92263
2342 -1.92334
2343 -1.92406
2344 -1.92477
2345 -1.92549
2346 -1.9262
2347 -1.92692
2348 -1.92763
2349 -1.92834
2350 -1.92906
2351 -1.92977
2352 -1.93049
2353 -1.9312
2354 -1.93192
2355 -1.93263
2356 -1.93335
2357 -1.93406
2358 -1.93478
2359 -1.93549
2360 -1.9362
2361 -1.93692
2362 -1.93763
2363 -1.93835
2364 -1.93906
2365 -1.93978
2366 -1.94049
2367 -1.94121
2368 -1.94192
2369 -1.94263
2370 -1.94335
2371 -1.94406
2372 -1.94478
2373 -1.94549
2374 -1.94621
2375 -1.94692
2376 -1.94764
2377 -1.94835
2378 -1.94907
2379 -1.94978
2380 -1.95049
2381 -1.95121
2382 -1.95192
2383 -1.95264
2384 -1.95335
2385 -1.95407
2386 -1.95478
2387 -1.9555
2388 -1.95621
2389 -1.95693
2390 -1.95764
2391 -1.95835
2392 -1.95907
2393 -1.95978
2394 -1.9605
2395 -1.96121
2396 -1.96193
2397 -1.96264
2398 -1.96336
2399 -1.96407
2400 -1.96479
2401 -1.9655
2402 -1.96621
2403 -1.96693
2404 -1.96764
2405 -1.96836
2406 -1.96907
2407 -1.96979
2408 -1.9705
2409 -1.97122
2410 -1.97193
2411 -1.97265
2412 -1.97336
2413 -1.97407
2414 -1.97479
2415 -1.9755
2416 -1.97622
2417 -1.97693
2418 -1.97765
2419 -1.97836
2420 -1.97908
2421 -1.97979
2422 -1.98051
2423 -1.98122
2424 -1.98193
2425 -1.98265
2426 -1.98336
2427 -1.98408
2428 -1.98479
2429 -1.98551
2430 -1.98622
2431 -1.98694
2432 -1.98765
2433 -1.98836
2434 -1.98908
2435 -1.98979
2436 -1.99051
2437 -1.99122
2438 -1.99194
2439 -1.99265
2440 -1.99337
2441 -1.99408
2442 -1.9948
2443 -1.99551
2444 -1.99622
2445 -1.99694
2446 -1.99765
2447 -1.99837
2448 -1.99908
2449 -1.9998
2450 -2.00051
2451 -2.00123
2452 -2.00194
2453 -2.00266
2454 -2.00337
2455 -2.00408
2456 -2.0048
2457 -2.00551
2458 -2.00623
2459 -2.00694
2460 -2.00766
2461 -2.00837
2462 -2.00909
2463 -2.0098
2464 -2.01052
2465 -2.01123
2466 -2.01194
2467 -2.01266
2468 -2.01337
2469 -2.01409
2470 -2.0148
2471 -2.01552
2472 -2.01623
2473 -2.01695
2474 -2.01766
2475 -2.01838
2476 -2.01909
2477 -2.0198
2478 -2.02052
2479 -2.02123
2480 -2.02195
2481 -2.02266
2482 -2.02338
2483 -2.02409
2484 -2.02481
2485 -2.02552
2486 -2.02623
2487 -2.02695
2488 -2.02766
2489 -2.02838
2490 -2.02909
2491 -2.02981
2492 -2.03052
2493 -2.03124
2494 -2.03195
2495 -2.03267
2496 -2.03338
2497 -2.03409
2498 -2.03481
2499 -2.03552
2500 -2.03624
2501 -2.03695
2502 -2.03767
2503 -2.03838
2504 -2.0391
2505 -2.03981
2506 -2.04053
2507 -2.04124
2508 -2.04195
2509 -2.04267
2510 -2.04338
2511 -2.0441
2512 -2.04481
2513 -2.04553
2514 -2.04624
2515 -2.04696
2516 -2.04767
2517 -2.04839
2518 -2.0491
2519 -2.04981
2520 -2.05053
2521 -2.05124
2522 -2.05196
2523 -2.05267
2524 -2.05339
2525 -2.0541
2526 -2.05482
2527 -2.05553
2528 -2.05625
2529 -2.05696
2530 -2.05767
2531 -2.05839
2532 -2.0591
2533 -2.05982
2534 -2.06053
2535 -2.06125
2536 -2.06196
2537 -2.06268
2538 -2.06339
2539 -2.06411
2540 -2.06482
2541 -2.06553
2542 -2.06625
2543 -2.06696
2544 -2.06768
2545 -2.06839
2546 -2.06911
2547 -2.06982
2548 -2.07054
2549 -2.07125
2550 -2.07196
2551 -2.07268
2552 -2.07339
2553 -2.07411
2554 -2.07482
2555 -2.07554
2556 -2.07625
2557 -2.07697
2558 -2.07768
2559 -2.0784
2560 -2.07911
2561 -2.07982
2562 -2.08054
2563 -2.08125
2564 -2.08197
2565 -2.08268
2566 -2.0834
2567 -2.08411
2568 -2.08483
2569 -2.08554
2570 -2.08626
2571 -2.08697
2572 -2.08768
2573 -2.0884
2574 -2.08911
2575 -2.08983
2576 -2.09054
2577 -2.09126
2578 -2.09197
2579 -2.09269
2580 -2.0934
2581 -2.09412
2582 -2.09483
2583 -2.09554
2584 -2.09626
2585 -2.09697
2586 -2.09769
2587 -2.0984
2588 -2.09912
2589 -2.09983
2590 -2.10055
2591 -2.10126
2592 -2.10198
2593 -2.10269
2594 -2.1034
2595 -2.10412
2596 -2.10483
2597 -2.10555
2598 -2.10626
2599 -2.10698
2600 -2.10769
2601 -2.10841
2602 -2.10912
2603 -2.10983
2604 -2.11055
2605 -2.11126
2606 -2.11198
2607 -2.11269
2608 -2.11341
2609 -2.11412
2610 -2.11484
2611 -2.11555
2612 -2.11627
2613 -2.11698
2614 -2.11769
2615 -2.11841
2616 -2.11912
2617 -2.11984
2618 -2.12055
2619 -2.12127
2620 -2.12198
2621 -2.1227
2622 -2.12341
2623 -2.12413
2624 -2.12484
2625 -2.12555
2626 -2.12627
2627 -2.12698
2628 -2.1277
2629 -2.12841
2630 -2.12913
2631 -2.12984
2632 -2.13056
2633 -2.13127
2634 -2.13199
2635 -2.1327
2636 -2.13341
2637 -2.13413
2638 -2.13484
2639 -2.13556
2640 -2.13627
2641 -2.13699
2642 -2.1377
2643 -2.13842
2644 -2.13913
2645 -2.13985
2646 -2.14056
2647 -2.14127
2648 -2.14199
2649 -2.1427
2650 -2.14342
2651 -2.14413
2652 -2.14485
2653 -2.14556
2654 -2.14628
2655 -2.14699
2656 -2.14771
2657 -2.14842
2658 -2.14913
2659 -2.14985
2660 -2.15056
2661 -2.15128
2662 -2.15199
2663 -2.15271
2664 -2.15342
2665 -2.15414
2666 -2.15485
2667 -2.15556
2668 -2.15628
2669 -2.15699
2670 -2.15771
2671 -2.15842
2672 -2.15914
2673 -2.15985
2674 -2.16057
2675 -2.16128
2676 -2.162
2677 -2.16271
2678 -2.16342
2679 -2.16414
2680 -2.16485
2681 -2.16557
2682 -2.16628
2683 -2.167
2684 -2.16771
2685 -2.16843
2686 -2.16914
2687 -2.16986
2688 -2.17057
2689 -2.17128
2690 -2.172
2691 -2.17271
2692 -2.17343
2693 -2.17414
2694 -2.17486
2695 -2.17557
2696 -2.17629
2697 -2.177
2698 -2.17772
2699 -2.17843
2700 -2.17914
2701 -2.17986
2702 -2.18057
2703 -2.18129
2704 -2.182
2705 -2.18272
2706 -2.18343
2707 -2.18415
2708 -2.18486
2709 -2.18558
2710 -2.18629
2711 -2.187
2712 -2.18772
2713 -2.18843
2714 -2.18915
2715 -2.18986
2716 -2.19058
2717 -2.19129
2718 -2.19201
2719 -2.19272
2720 -2.19344
2721 -2.19415
2722 -2.19486
2723 -2.19558
2724 -2.19629
2725 -2.19701
2726 -2.19772
2727 -2.19844
2728 -2.19915
2729 -2.19987
2730 -2.20058
2731 -2.20129
2732 -2.20201
2733 -2.20272
2734 -2.20344
2735 -2.20415
2736 -2.20487
2737 -2.20558
2738 -2.2063
2739 -2.20701
2740 -2.20773
2741 -2.20844
2742 -2.20915
2743 -2.20987
2744 -2.21058
2745 -2.2113
2746 -2.21201
2747 -2.21273
2748 -2.21344
2749 -2.21416
2750 -2.21487
2751 -2.21559
2752 -2.2163
2753 -2.21701
2754 -2.21773
2755 -2.21844
2756 -2.21916
2757 -2.21987
2758 -2.22059
2759 -2.2213
2760 -2.22202
2761 -2.22273
2762 -2.22345
2763 -2.22416
2764 -2.22487
2765 -2.22559
2766 -2.2263
2767 -2.22702
2768 -2.22773
2769 -2.22845
2770 -2.22916
2771 -2.22988
2772 -2.23059
2773 -2.23131
2774 -2.23202
2775 -2.23273
2776 -2.23345
2777 -2.23416
2778 -2.23488
2779 -2.23559
2780 -2.23631
2781 -2.23702
2782 -2.23774
2783 -2.23845
2784 -2.23916
2785 -2.23988
2786 -2.24059
2787 -2.24131
2788 -2.24202
2789 -2.24274
2790 -2.24345
2791 -2.24417
2792 -2.24488
2793 -2.2456
2794 -2.24631
2795 -2.24702
2796 -2.24774
2797 -2.24845
2798 -2.24917
2799 -2.24988
2800 -2.2506
2801 -2.25131
2802 -2.25203
2803 -2.25274
2804 -2.25346
2805 -2.25417
2806 -2.25488
2807 -2.2556
2808 -2.25631
2809 -2.25703
2810 -2.25774
2811 -2.25846
2812 -2.25917
2813 -2.25989
2814 -2.2606
2815 -2.26132
2816 -2.26203
2817 -2.26274
2818 -2.26346
2819 -2.26417
2820 -2.26489
2821 -2.2656
2822 -2.26632
2823 -2.26703
2824 -2.26775
2825 -2.26846
2826 -2.26918
2827 -2.26989
2828 -2.2706
2829 -2.27132
2830 -2.27203
2831 -2.27275
2832 -2.27346
2833 -2.27418
2834 -2.27489
2835 -2.27561
2836 -2.27632
2837 -2.27704
2838 -2.27775
2839 -2.27846
2840 -2.27918
2841 -2.27989
2842 -2.28061
2843 -2.28132
2844 -2.28204
2845 -2.28275
2846 -2.28347
2847 -2.28418
2848 -2.28489
2849 -2.28561
2850 -2.28632
2851 -2.28704
2852 -2.28775
2853 -2.28847
2854 -2.28918
2855 -2.2899
2856 -2.29061
2857 -2.29133
2858 -2.29204
2859 -2.29275
2860 -2.29347
2861 -2.29418
2862 -2.2949
2863 -2.29561
2864 -2.29633
2865 -2.29704
2866 -2.29776
2867 -2.29847
2868 -2.29919
2869 -2.2999
2870 -2.30061
2871 -2.30133
2872 -2.30204
2873 -2.30276
2874 -2.30347
2875 -2.30419
2876 -2.3049
2877 -2.30562
2878 -2.30633
2879 -2.30705
2880 -2.30776
2881 -2.30847
2882 -2.30919
2883 -2.3099
2884 -2.31062
2885 -2.31133
2886 -2.31205
2887 -2.31276
2888 -2.31348
2889 -2.31419
2890 -2.31491
2891 -2.31562
2892 -2.31633
2893 -2.31705
2894 -2.31776
2895 -2.31848
2896 -2.31919
2897 -2.31991
2898 -2.32062
2899 -2.32134
2900 -2.32205
2901 -2.32276
2902 -2.32348
2903 -2.32419
2904 -2.32491
2905 -2.32562
2906 -2.32634
2907 -2.32705
2908 -2.32777
2909 -2.32848
2910 -2.3292
2911 -2.32991
2912 -2.33062
2913 -2.33134
2914 -2.33205
2915 -2.33277
2916 -2.33348
2917 -2.3342
2918 -2.33491
2919 -2.33563
2920 -2.33634
2921 -2.33706
2922 -2.33777
2923 -2.33848
2924 -2.3392
2925 -2.33991
2926 -2.34063
2927 -2.34134
2928 -2.34206
2929 -2.34277
2930 -2.34349
2931 -2.3442
2932 -2.34492
2933 -2.34563
2934 -2.34634
2935 -2.34706
2936 -2.34777
2937 -2.34849
2938 -2.3492
2939 -2.34992
2940 -2.35063
2941 -2.35135
2942 -2.35206
2943 -2.35278
2944 -2.35349
2945 -2.3542
2946 -2.35492
2947 -2.35563
2948 -2.35635
2949 -2.35706
2950 -2.35778
2951 -2.35849
2952 -2.35921
2953 -2.35992
2954 -2.36064
2955 -2.36135
2956 -2.36206
2957 -2.36278
2958 -2.36349
2959 -2.36421
2960 -2.36492
2961 -2.36564
2962 -2.36635
2963 -2.36707
2964 -2.36778
2965 -2.36849
2966 -2.36921
2967 -2.36992
2968 -2.37064
2969 -2.37135
2970 -2.37207
2971 -2.37278
2972 -2.3735
2973 -2.37421
2974 -2.37493
2975 -2.37564
2976 -2.37635
2977 -2.37707
2978 -2.37778
2979 -2.3785
2980 -2.37921
2981 -2.37993
2982 -2.38064
2983 -2.38136
2984 -2.38207
2985 -2.38279
2986 -2.3835
2987 -2.38421
2988 -2.38493
2989 -2.38564
2990 -2.38636
2991 -2.38707
2992 -2.38779
2993 -2.3885
2994 -2.38922
2995 -2.38993
2996 -2.39065
2997 -2.39136
2998 -2.39207
2999 -2.39279
3000 -2.3935
3001 -2.39422
3002 -2.39493
3003 -2.39565
3004 -2.39636
3005 -2.39708
3006 -2.39779
3007 -2.39851
3008 -2.39922
3009 -2.39993
3010 -2.40065
3011 -2.40136
3012 -2.40208
3013 -2.40279
3014 -2.40351
3015 -2.40422
3016 -2.40494
3017 -2.40565
3018 -2.40637
3019 -2.40708
3020 -2.40779
3021 -2.40851
3022 -2.40922
3023 -2.40994
3024 -2.41065
3025 -2.41137
3026 -2.41208
3027 -2.4128
3028 -2.41351
3029 -2.41422
3030 -2.41494
3031 -2.41565
3032 -2.41637
3033 -2.41708
3034 -2.4178
3035 -2.41851
3036 -2.41923
3037 -2.41994
3038 -2.42066
3039 -2.42137
3040 -2.42208
3041 -2.4228
3042 -2.42351
3043 -2.42423
3044 -2.42494
3045 -2.42566
3046 -2.42637
3047 -2.42709
3048 -2.4278
3049 -2.42852
3050 -2.42923
3051 -2.42994
3052 -2.43066
3053 -2.43137
3054 -2.43209
3055 -2.4328
3056 -2.43352
3057 -2.43423
3058 -2.43495
3059 -2.43566
3060 -2.43638
3061 -2.43709
3062 -2.4378
3063 -2.43852
3064 -2.43923
3065 -2.43995
3066 -2.44066
3067 -2.44138
3068 -2.44209
3069 -2.44281
3070 -2.44352
3071 -2.44424
3072 -2.44495
3073 -2.44566
3074 -2.44638
3075 -2.44709
3076 -2.44781
3077 -2.44852
3078 -2.44924
3079 -2.44995
3080 -2.45067
3081 -2.45138
3082 -2.45209
3083 -2.45281
3084 -2.45352
3085 -2.45424
3086 -2.45495
3087 -2.45567
3088 -2.45638
3089 -2.4571
3090 -2.45781
3091 -2.45853
3092 -2.45924
3093 -2.45995
3094 -2.46067
3095 -2.46138
3096 -2.4621
3097 -2.46281
3098 -2.46353
3099 -2.46424
3100 -2.46496
3101 -2.46567
3102 -2.46639
3103 -2.4671
3104 -2.46781
3105 -2.46853
3106 -2.46924
3107 -2.46996
3108 -2.47067
3109 -2.47139
3110 -2.4721
3111 -2.47282
3112 -2.47353
3113 -2.47425
3114 -2.47496
3115 -2.47567
3116 -2.47639
3117 -2.4771
3118 -2.47782
3119 -2.47853
3120 -2.47925
3121 -2.47996
3122 -2.48068
3123 -2.48139
3124 -2.48211
3125 -2.48282
3126 -2.48353
3127 -2.48425
3128 -2.48496
3129 -2.48568
3130 -2.48639
3131 -2.48711
3132 -2.48782
3133 -2.48854
3134 -2.48925
3135 -2.48997
3136 -2.49068
3137 -2.49139
3138 -2.49211
3139 -2.49282
3140 -2.49354
3141 -2.49425
3142 -2.49497
3143 -2.49568
3144 -2.4964
3145 -2.49711
3146 -2.49782
3147 -2.49854
3148 -2.49925
3149 -2.49997
3150 -2.50068
3151 -2.5014
3152 -2.50211
3153 -2.50283
3154 -2.50354
3155 -2.50426
3156 -2.50497
3157 -2.50568
3158 -2.5064
3159 -2.50711
3160 -2.50783
3161 -2.50854
3162 -2.50926
3163 -2.50997
3164 -2.51069
3165 -2.5114
3166 -2.51212
3167 -2.51283
3168 -2.51354
3169 -2.51426
3170 -2.51497
3171 -2.51569
3172 -2.5164
3173 -2.51712
3174 -2.51783
3175 -2.51855
3176 -2.51926
3177 -2.51998
3178 -2.52069
3179 -2.5214
3180 -2.52212
3181 -2.52283
3182 -2.52355
3183 -2.52426
3184 -2.52498
3185 -2.52569
3186 -2.52641
3187 -2.52712
3188 -2.52784
3189 -2.52855
3190 -2.52926
3191 -2.52998
3192 -2.53069
3193 -2.53141
3194 -2.53212
3195 -2.53284
3196 -2.53355
3197 -2.53427
3198 -2.53498
3199 -2.5357
3200 -2.53641
3201 -2.53712
3202 -2.53784
3203 -2.53855
3204 -2.53927
3205 -2.53998
3206 -2.5407
3207 -2.54141
3208 -2.54213
3209 -2.54284
3210 -2.54355
3211 -2.54427
3212 -2.54498
3213 -2.5457
3214 -2.54641
3215 -2.54713
3216 -2.54784
3217 -2.54856
3218 -2.54927
3219 -2.54999
3220 -2.5507
3221 -2.55141
3222 -2.55213
3223 -2.55284
3224 -2.55356
3225 -2.55427
3226 -2.55499
3227 -2.5557
3228 -2.55642
3229 -2.55713
3230 -2.55785
3231 -2.55856
3232 -2.55927
3233 -2.55999
3234 -2.5607
3235 -2.56142
3236 -2.56213
3237 -2.56285
3238 -2.56356
3239 -2.56428
3240 -2.56499
3241 -2.56571
3242 -2.56642
3243 -2.56713
3244 -2.56785
3245 -2.56856
3246 -2.56928
3247 -2.56999
3248 -2.57071
3249 -2.57142
3250 -2.57214
3251 -2.57285
3252 -2.57357
3253 -2.57428
3254 -2.57499
3255 -2.57571
3256 -2.57642
3257 -2.57714
3258 -2.57785
3259 -2.57857
3260 -2.57928
3261 -2.58
3262 -2.58071
3263 -2.58142
3264 -2.58214
3265 -2.58285
3266 -2.58357
3267 -2.58428
3268 -2.585
3269 -2.58571
3270 -2.58643
3271 -2.58714
3272 -2.58786
3273 -2.58857
3274 -2.58928
3275 -2.59
3276 -2.59071
3277 -2.59143
3278 -2.59214
3279 -2.59286
3280 -2.59357
3281 -2.59429
3282 -2.595
3283 -2.59572
3284 -2.59643
3285 -2.59714
3286 -2.59786
3287 -2.59857
3288 -2.59929
3289 -2.6
3290 -2.60072
3291 -2.60143
3292 -2.60215
3293 -2.60286
3294 -2.60358
3295 -2.60429
3296 -2.605
3297 -2.60572
3298 -2.60643
3299 -2.60715
3300 -2.60786
3301 -2.60858
3302 -2.60929
3303 -2.61001
3304 -2.61072
3305 -2.61144
3306 -2.61215
3307 -2.61286
3308 -2.61358
3309 -2.61429
3310 -2.61501
3311 -2.61572
3312 -2.61644
3313 -2.61715
3314 -2.61787
3315 -2.61858
3316 -2.6193
3317 -2.62001
3318 -2.62072
3319 -2.62144
3320 -2.62215
3321 -2.62287
3322 -2.62358
3323 -2.6243
3324 -2.62501
3325 -2.62573
3326 -2.62644
3327 -2.62715
3328 -2.62787
3329 -2.62858
3330 -2.6293
3331 -2.63001
3332 -2.63073
3333 -2.63144
3334 -2.63216
3335 -2.63287
3336 -2.63359
3337 -2.6343
3338 -2.63501
3339 -2.63573
3340 -2.63644
3341 -2.63716
3342 -2.63787
3343 -2.63859
3344 -2.6393
3345 -2.64002
3346 -2.64073
3347 -2.64145
3348 -2.64216
3349 -2.64287
3350 -2.64359
3351 -2.6443
3352 -2.64502
3353 -2.64573
3354 -2.64645
3355 -2.64716
3356 -2.64788
3357 -2.64859
3358 -2.64931
3359 -2.65002
3360 -2.65073
3361 -2.65145
3362 -2.65216
3363 -2.65288
3364 -2.65359
3365 -2.65431
3366 -2.65502
3367 -2.65574
3368 -2.65645
3369 -2.65717
3370 -2.65788
3371 -2.65859
3372 -2.65931
3373 -2.66002
3374 -2.66074
3375 -2.66145
3376 -2.66217
3377 -2.66288
3378 -2.6636
3379 -2.66431
3380 -2.66502
3381 -2.66574
3382 -2.66645
3383 -2.66717
3384 -2.66788
3385 -2.6686
3386 -2.66931
3387 -2.67003
3388 -2.67074
3389 -2.67146
3390 -2.67217
3391 -2.67288
3392 -2.6736
3393 -2.67431
3394 -2.67503
3395 -2.67574
3396 -2.67646
3397 -2.67717
3398 -2.67789
3399 -2.6786
3400 -2.67932
3401 -2.68003
3402 -2.68074
3403 -2.68146
3404 -2.68217
3405 -2.68289
3406 -2.6836
3407 -2.68432
3408 -2.68503
3409 -2.68575
3410 -2.68646
3411 -2.68718
3412 -2.68789
3413 -2.6886
3414 -2.68932
3415 -2.69003
3416 -2.69075
3417 -2.69146
3418 -2.69218
3419 -2.69289
3420 -2.69361
3421 -2.69432
3422 -2.69504
3423 -2.69575
3424 -2.69646
3425 -2.69718
3426 -2.69789
3427 -2.69861
3428 -2.69932
3429 -2.70004
3430 -2.70075
3431 -2.70147
3432 -2.70218
3433 -2.7029
3434 -2.70361
3435 -2.70432
3436 -2.70504
3437 -2.70575
3438 -2.70647
3439 -2.70718
3440 -2.7079
3441 -2.70861
3442 -2.70933
3443 -2.71004
3444 -2.71075
3445 -2.71147
3446 -2.71218
3447 -2.7129
3448 -2.71361
3449 -2.71433
3450 -2.71504
3451 -2.71576
3452 -2.71647
3453 -2.71719
3454 -2.7179
3455 -2.71861
3456 -2.71933
3457 -2.72004
3458 -2.72076
3459 -2.72147
3460 -2.72219
3461 -2.7229
3462 -2.72362
3463 -2.72433
3464 -2.72505
3465 -2.72576
3466 -2.72647
3467 -2.72719
3468 -2.7279
3469 -2.72862
3470 -2.72933
3471 -2.73005
3472 -2.73076
3473 -2.73148
3474 -2.73219
3475 -2.73291
3476 -2.73362
3477 -2.73433
3478 -2.73505
3479 -2.73576
3480 -2.73648
3481 -2.73719
3482 -2.73791
3483 -2.73862
3484 -2.73934
3485 -2.74005
3486 -2.74077
3487 -2.74148
3488 -2.74219
3489 -2.74291
3490 -2.74362
3491 -2.74434
3492 -2.74505
3493 -2.74577
3494 -2.74648
3495 -2.7472
3496 -2.74791
3497 -2.74863
3498 -2.74934
3499 -2.75005
3500 -2.75077
3501 -2.75148
3502 -2.7522
3503 -2.75291
3504 -2.75363
3505 -2.75434
3506 -2.75506
3507 -2.75577
3508 -2.75648
3509 -2.7572
3510 -2.75791
3511 -2.75863
3512 -2.75934
3513 -2.76006
3514 -2.76077
3515 -2.76149
3516 -2.7622
3517 -2.76292
3518 -2.76363
3519 -2.76434
3520 -2.76506
3521 -2.76577
3522 -2.76649
3523 -2.7672
3524 -2.76792
3525 -2.76863
3526 -2.76935
3527 -2.77006
3528 -2.77078
3529 -2.77149
3530 -2.7722
3531 -2.77292
3532 -2.77363
3533 -2.77435
3534 -2.77506
3535 -2.77578
3536 -2.77649
3537 -2.77721
3538 -2.77792
3539 -2.77864
3540 -2.77935
3541 -2.78006
3542 -2.78078
3543 -2.78149
3544 -2.78221
3545 -2.78292
3546 -2.78364
3547 -2.78435
3548 -2.78507
3549 -2.78578
3550 -2.7865
3551 -2.78721
3552 -2.78792
3553 -2.78864
3554 -2.78935
3555 -2.79007
3556 -2.79078
3557 -2.7915
3558 -2.79221
3559 -2.79293
3560 -2.79364
3561 -2.79435
3562 -2.79507
3563 -2.79578
3564 -2.7965
3565 -2.79721
3566 -2.79793
3567 -2.79864
3568 -2.79936
3569 -2.80007
3570 -2.80079
3571 -2.8015
3572 -2.80221
3573 -2.80293
3574 -2.80364
3575 -2.80436
3576 -2.80507
3577 -2.80579
3578 -2.8065
3579 -2.80722
3580 -2.80793
3581 -2.80865
3582 -2.80936
3583 -2.81007
3584 -2.81079
3585 -2.8115
3586 -2.81222
3587 -2.81293
3588 -2.81365
3589 -2.81436
3590 -2.81508
3591 -2.81579
3592 -2.81651
3593 -2.81722
3594 -2.81793
3595 -2.81865
3596 -2.81936
3597 -2.82008
3598 -2.82079
3599 -2.82151
3600 -2.82222
3601 -2.82294
3602 -2.82365
3603 -2.82437
3604 -2.82508
3605 -2.82579
3606 -2.82651
3607 -2.82722
3608 -2.82794
3609 -2.82865
3610 -2.82937
3611 -2.83008
3612 -2.8308
3613 -2.83151
3614 -2.83223
3615 -2.83294
3616 -2.83365
3617 -2.83437
3618 -2.83508
3619 -2.8358
3620 -2.83651
3621 -2.83723
3622 -2.83794
3623 -2.83866
3624 -2.83937
3625 -2.84008
3626 -2.8408
3627 -2.84151
3628 -2.84223
3629 -2.84294
3630 -2.84366
3631 -2.84437
3632 -2.84509
3633 -2.8458
3634 -2.84652
3635 -2.84723
3636 -2.84794
3637 -2.84866
3638 -2.84937
3639 -2.85009
3640 -2.8508
3641 -2.85152
3642 -2.85223
3643 -2.85295
3644 -2.85366
3645 -2.85438
3646 -2.85509
3647 -2.8558
3648 -2.85652
3649 -2.85723
3650 -2.85795
3651 -2.85866
3652 -2.85938
3653 -2.86009
3654 -2.86081
3655 -2.86152
3656 -2.86224
3657 -2.86295
3658 -2.86366
3659 -2.86438
3660 -2.86509
3661 -2.86581
3662 -2.86652
3663 -2.86724
3664 -2.86795
3665 -2.86867
3666 -2.86938
3667 -2.8701
3668 -2.87081
3669 -2.87152
3670 -2.87224
3671 -2.87295
3672 -2.87367
3673 -2.87438
3674 -2.8751
3675 -2.87581
3676 -2.87653
3677 -2.87724
3678 -2.87796
3679 -2.87867
3680 -2.87938
3681 -2.8801
3682 -2.88081
3683 -2.88153
3684 -2.88224
3685 -2.88296
3686 -2.88367
3687 -2.88439
3688 -2.8851
3689 -2.88581
3690 -2.88653
3691 -2.88724
3692 -2.88796
3693 -2.88867
3694 -2.88939
3695 -2.8901
3696 -2.89082
3697 -2.89153
3698 -2.89225
3699 -2.89296
3700 -2.89367
3701 -2.89439
3702 -2.8951
3703 -2.89582
3704 -2.89653
3705 -2.89725
3706 -2.89796
3707 -2.89868
3708 -2.89939
3709 -2.90011
3710 -2.90082
3711 -2.90153
3712 -2.90225
3713 -2.90296
3714 -2.90368
3715 -2.90439
3716 -2.90511
3717 -2.90582
3718 -2.90654
3719 -2.90725
3720 -2.90797
3721 -2.90868
3722 -2.90939
3723 -2.91011
3724 -2.91082
3725 -2.91154
3726 -2.91225
3727 -2.91297
3728 -2.91368
3729 -2.9144
3730 -2.91511
3731 -2.91583
3732 -2.91654
3733 -2.91725
3734 -2.91797
3735 -2.91868
3736 -2.9194
3737 -2.92011
3738 -2.92083
3739 -2.92154
3740 -2.92226
3741 -2.92297
3742 -2.92368
3743 -2.9244
3744 -2.92511
3745 -2.92583
3746 -2.92654
3747 -2.92726
3748 -2.92797
3749 -2.92869
3750 -2.9294
3751 -2.93012
3752 -2.93083
3753 -2.93154
3754 -2.93226
3755 -2.93297
3756 -2.93369
3757 -2.9344
3758 -2.93512
3759 -2.93583
3760 -2.93655
3761 -2.93726
3762 -2.93798
3763 -2.93869
3764 -2.9394
3765 -2.94012
3766 -2.94083
3767 -2.94155
3768 -2.94226
3769 -2.94298
3770 -2.94369
3771 -2.94441
3772 -2.94512
3773 -2.94584
3774 -2.94655
3775 -2.94726
3776 -2.94798
3777 -2.94869
3778 -2.94941
3779 -2.95012
3780 -2.95084
3781 -2.95155
3782 -2.95227
3783 -2.95298
3784 -2.9537
3785 -2.95441
3786 -2.95512
3787 -2.95584
3788 -2.95655
3789 -2.95727
3790 -2.95798
3791 -2.9587
3792 -2.95941
3793 -2.96013
3794 -2.96084
3795 -2.96156
3796 -2.96227
3797 -2.96298
3798 -2.9637
3799 -2.96441
3800 -2.96513
3801 -2.96584
3802 -2.96656
3803 -2.96727
3804 -2.96799
3805 -2.9687
3806 -2.96941
3807 -2.97013
3808 -2.97084
3809 -2.97156
3810 -2.97227
3811 -2.97299
3812 -2.9737
3813 -2.97442
3814 -2.97513
3815 -2.97585
3816 -2.97656
3817 -2.97727
3818 -2.97799
3819 -2.9787
3820 -2.97942
3821 -2.98013
3822 -2.98085
3823 -2.98156
3824 -2.98228
3825 -2.98299
3826 -2.98371
3827 -2.98442
3828 -2.98513
3829 -2.98585
3830 -2.98656
3831 -2.98728
3832 -2.98799
3833 -2.98871
3834 -2.98942
3835 -2.99014
3836 -2.99085
3837 -2.99157
3838 -2.99228
3839 -2.99299
3840 -2.99371
3841 -2.99442
3842 -2.99514
3843 -2.99585
3844 -2.99657
3845 -2.99728
3846 -2.998
3847 -2.99871
3848 -2.99943
3849 -3.00014
3850 -3.00085
3851 -3.00157
3852 -3.00228
3853 -3.003
3854 -3.00371
3855 -3.00443
3856 -3.00514
3857 -3.00586
3858 -3.00657
3859 -3.00728
3860 -3.008
3861 -3.00871
3862 -3.00943
3863 -3.01014
3864 -3.01086
3865 -3.01157
3866 -3.01229
3867 -3.013
3868 -3.01372
3869 -3.01443
3870 -3.01514
3871 -3.01586
3872 -3.01657
3873 -3.01729
3874 -3.018
3875 -3.01872
3876 -3.01943
3877 -3.02015
3878 -3.02086
3879 -3.02158
3880 -3.02229
3881 -3.023
3882 -3.02372
3883 -3.02443
3884 -3.02515
3885 -3.02586
3886 -3.02658
3887 -3.02729
3888 -3.02801
3889 -3.02872
3890 -3.02944
3891 -3.03015
3892 -3.03086
3893 -3.03158
3894 -3.03229
3895 -3.03301
3896 -3.03372
3897 -3.03444
3898 -3.03515
3899 -3.03587
3900 -3.03658
3901 -3.0373
3902 -3.03801
3903 -3.03872
3904 -3.03944
3905 -3.04015
3906 -3.04087
3907 -3.04158
3908 -3.0423
3909 -3.04301
3910 -3.04373
3911 -3.04444
3912 -3.04516
3913 -3.04587
3914 -3.04658
3915 -3.0473
3916 -3.04801
3917 -3.04873
3918 -3.04944
3919 -3.05016
3920 -3.05087
3921 -3.05159
3922 -3.0523
3923 -3.05301
3924 -3.05373
3925 -3.05444
3926 -3.05516
3927 -3.05587
3928 -3.05659
3929 -3.0573
3930 -3.05802
3931 -3.05873
3932 -3.05945
3933 -3.06016
3934 -3.06087
3935 -3.06159
3936 -3.0623
3937 -3.06302
3938 -3.06373
3939 -3.06445
3940 -3.06516
3941 -3.06588
3942 -3.06659
3943 -3.06731
3944 -3.06802
3945 -3.06873
3946 -3.06945
3947 -3.07016
3948 -3.07088
3949 -3.07159
3950 -3.07231
3951 -3.07302
3952 -3.07374
3953 -3.07445
3954 -3.07517
3955 -3.07588
3956 -3.07659
3957 -3.07731
3958 -3.07802
3959 -3.07874
3960 -3.07945
3961 -3.08017
3962 -3.08088
3963 -3.0816
3964 -3.08231
3965 -3.08303
3966 -3.08374
3967 -3.08445
3968 -3.08517
3969 -3.08588
3970 -3.0866
3971 -3.08731
3972 -3.08803
3973 -3.08874
3974 -3.08946
3975 -3.09017
3976 -3.09089
3977 -3.0916
3978 -3.09231
3979 -3.09303
3980 -3.09374
3981 -3.09446
3982 -3.09517
3983 -3.09589
3984 -3.0966
3985 -3.09732
3986 -3.09803
3987 -3.09874
3988 -3.09946
3989 -3.10017
3990 -3.10089
3991 -3.1016
3992 -3.10232
3993 -3.10303
3994 -3.10375
3995 -3.10446
3996 -3.10518
3997 -3.10589
3998 -3.1066
3999 -3.10732
4000 -3.10803
4001 -3.10875
4002 -3.10946
4003 -3.11018
4004 -3.11089
4005 -3.11161
4006 -3.11232
4007 -3.11304
4008 -3.11375
4009 -3.11446
4010 -3.11518
4011 -3.11589
4012 -3.11661
4013 -3.11732
4014 -3.11804
4015 -3.11875
4016 -3.11947
4017 -3.12018
4018 -3.1209
4019 -3.12161
4020 -3.12232
4021 -3.12304
4022 -3.12375
4023 -3.12447
4024 -3.12518
4025 -3.1259
4026 -3.12661
4027 -3.12733
4028 -3.12804
4029 -3.12876
4030 -3.12947
4031 -3.13018
4032 -3.1309
4033 -3.13161
4034 -3.13233
4035 -3.13304
4036 -3.13376
4037 -3.13447
4038 -3.13519
4039 -3.1359
4040 -3.13661
4041 -3.13733
4042 -3.13804
4043 -3.13876
4044 -3.13947
4045 -3.14019
4046 -3.1409
4047 -3.14162
4048 -3.14233
4049 -3.14305
4050 -3.14376
4051 -3.14447
4052 -3.14519
4053 -3.1459
4054 -3.14662
4055 -3.14733
4056 -3.14805
4057 -3.14876
4058 -3.14948
4059 -3.15019
4060 -3.15091
4061 -3.15162
4062 -3.15233
4063 -3.15305
4064 -3.15376
4065 -3.15448
4066 -3.15519
4067 -3.15591
4068 -3.15662
4069 -3.15734
4070 -3.15805
4071 -3.15877
4072 -3.15948
4073 -3.16019
4074 -3.16091
4075 -3.16162
4076 -3.16234
4077 -3.16305
4078 -3.16377
4079 -3.16448
4080 -3.1652
4081 -3.16591
4082 -3.16663
4083 -3.16734
4084 -3.16805
4085 -3.16877
4086 -3.16948
4087 -3.1702
4088 -3.17091
4089 -3.17163
4090 -3.17234
4091 -3.17306
4092 -3.17377
4093 -3.17449
4094 -3.1752
4095 -3.17591
4096 -3.17663
4097 -3.17734
4098 -3.17806
4099 -3.17877
4100 -3.17949
4101 -3.1802
4102 -3.18092
4103 -3.18163
4104 -3.18234
4105 -3.18306
4106 -3.18377
4107 -3.18449
4108 -3.1852
4109 -3.18592
4110 -3.18663
4111 -3.18735
4112 -3.18806
4113 -3.18878
4114 -3.18949
4115 -3.1902
4116 -3.19092
4117 -3.19163
4118 -3.19235
4119 -3.19306
4120 -3.19378
4121 -3.19449
4122 -3.19521
4123 -3.19592
4124 -3.19664
4125 -3.19735
4126 -3.19806
4127 -3.19878
4128 -3.19949
4129 -3.20021
4130 -3.20092
4131 -3.20164
4132 -3.20235
4133 -3.20307
4134 -3.20378
4135 -3.2045
4136 -3.20521
4137 -3.20592
4138 -3.20664
4139 -3.20735
4140 -3.20807
4141 -3.20878
4142 -3.2095
4143 -3.21021
4144 -3.21093
4145 -3.21164
4146 -3.21236
4147 -3.21307
4148 -3.21378
4149 -3.2145
4150 -3.21521
4151 -3.21593
4152 -3.21664
4153 -3.21736
4154 -3.21807
4155 -3.21879
4156 -3.2195
4157 -3.22022
4158 -3.22093
4159 -3.22164
4160 -3.22236
4161 -3.22307
4162 -3.22379
4163 -3.2245
4164 -3.22522
4165 -3.22593
4166 -3.22665
4167 -3.22736
4168 -3.22807
4169 -3.22879
4170 -3.2295
4171 -3.23022
4172 -3.23093
4173 -3.23165
4174 -3.23236
4175 -3.23308
4176 -3.23379
4177 -3.23451
4178 -3.23522
4179 -3.23593
4180 -3.23665
4181 -3.23736
4182 -3.23808
4183 -3.23879
4184 -3.23951
4185 -3.24022
4186 -3.24094
4187 -3.24165
4188 -3.24237
4189 -3.24308
4190 -3.24379
4191 -3.24451
4192 -3.24522
4193 -3.24594
4194 -3.24665
4195 -3.24737
4196 -3.24808
4197 -3.2488
4198 -3.24951
4199 -3.25023
4200 -3.25094
4201 -3.25165
4202 -3.25237
4203 -3.25308
4204 -3.2538
4205 -3.25451
4206 -3.25523
4207 -3.25594
4208 -3.25666
4209 -3.25737
4210 -3.25809
4211 -3.2588
4212 -3.25951
4213 -3.26023
4214 -3.26094
4215 -3.26166
4216 -3.26237
4217 -3.26309
4218 -3.2638
4219 -3.26452
4220 -3.26523
4221 -3.26594
4222 -3.26666
4223 -3.26737
4224 -3.26809
4225 -3.2688
4226 -3.26952
4227 -3.27023
4228 -3.27095
4229 -3.27166
4230 -3.27238
4231 -3.27309
4232 -3.2738
4233 -3.27452
4234 -3.27523
4235 -3.27595
4236 -3.27666
4237 -3.27738
4238 -3.27809
4239 -3.27881
4240 -3.27952
4241 -3.28024
4242 -3.28095
4243 -3.28166
4244 -3.28238
4245 -3.28309
4246 -3.28381
4247 -3.28452
4248 -3.28524
4249 -3.28595
4250 -3.28667
4251 -3.28738
4252 -3.2881
4253 -3.28881
4254 -3.28952
4255 -3.29024
4256 -3.29095
4257 -3.29167
4258 -3.29238
4259 -3.2931
4260 -3.29381
4261 -3.29453
4262 -3.29524
4263 -3.29596
4264 -3.29667
4265 -3.29738
4266 -3.2981
4267 -3.29881
4268 -3.29953
4269 -3.30024
4270 -3.30096
4271 -3.30167
4272 -3.30239
4273 -3.3031
4274 -3.30382
4275 -3.30453
4276 -3.30524
4277 -3.30596
4278 -3.30667
4279 -3.30739
4280 -3.3081
4281 -3.30882
4282 -3.30953
4283 -3.31025
4284 -3.31096
4285 -3.31167
4286 -3.31239
4287 -3.3131
4288 -3.31382
4289 -3.31453
4290 -3.31525
4291 -3.31596
4292 -3.31668
4293 -3.31739
4294 -3.31811
4295 -3.31882
4296 -3.31953
4297 -3.32025
4298 -3.32096
4299 -3.32168
4300 -3.32239
4301 -3.32311
4302 -3.32382
4303 -3.32454
4304 -3.32525
4305 -3.32597
4306 -3.32668
4307 -3.32739
4308 -3.32811
4309 -3.32882
4310 -3.32954
4311 -3.33025
4312 -3.33097
4313 -3.33168
4314 -3.3324
4315 -3.33311
4316 -3.33383
4317 -3.33454
4318 -3.33525
4319 -3.33597
4320 -3.33668
4321 -3.3374
4322 -3.33811
4323 -3.33883
4324 -3.33954
4325 -3.34026
4326 -3.34097
4327 -3.34169
4328 -3.3424
4329 -3.34311
4330 -3.34383
4331 -3.34454
4332 -3.34526
4333 -3.34597
4334 -3.34669
4335 -3.3474
4336 -3.34812
4337 -3.34883
4338 -3.34954
4339 -3.35026
4340 -3.35097
4341 -3.35169
4342 -3.3524
4343 -3.35312
4344 -3.35383
4345 -3.35455
4346 -3.35526
4347 -3.35598
4348 -3.35669
4349 -3.3574
4350 -3.35812
4351 -3.35883
4352 -3.35955
4353 -3.36026
4354 -3.36098
4355 -3.36169
4356 -3.36241
4357 -3.36312
4358 -3.36384
4359 -3.36455
4360 -3.36526
4361 -3.36598
4362 -3.36669
4363 -3.36741
4364 -3.36812
4365 -3.36884
4366 -3.36955
4367 -3.37027
4368 -3.37098
4369 -3.3717
4370 -3.37241
4371 -3.37312
4372 -3.37384
4373 -3.37455
4374 -3.37527
4375 -3.37598
4376 -3.3767
4377 -3.37741
4378 -3.37813
4379 -3.37884
4380 -3.37956
4381 -3.38027
4382 -3.38098
4383 -3.3817
4384 -3.38241
4385 -3.38313
4386 -3.38384
4387 -3.38456
4388 -3.38527
4389 -3.38599
4390 -3.3867
4391 -3.38742
4392 -3.38813
4393 -3.38884
4394 -3.38956
4395 -3.39027
4396 -3.39099
4397 -3.3917
4398 -3.39242
4399 -3.39313
4400 -3.39385
4401 -3.39456
4402 -3.39527
4403 -3.39599
4404 -3.3967
4405 -3.39742
4406 -3.39813
4407 -3.39885
4408 -3.39956
4409 -3.40028
4410 -3.40099
4411 -3.40171
4412 -3.40242
4413 -3.40313
4414 -3.40385
4415 -3.40456
4416 -3.40528
4417 -3.40599
4418 -3.40671
4419 -3.40742
4420 -3.40814
4421 -3.40885
4422 -3.40957
4423 -3.41028
4424 -3.41099
4425 -3.41171
4426 -3.41242
4427 -3.41314
4428 -3.41385
4429 -3.41457
4430 -3.41528
4431 -3.416
4432 -3.41671
4433 -3.41743
4434 -3.41814
4435 -3.41885
4436 -3.41957
4437 -3.42028
4438 -3.421
4439 -3.42171
4440 -3.42243
4441 -3.42314
4442 -3.42386
4443 -3.42457
4444 -3.42529
4445 -3.426
4446 -3.42671
4447 -3.42743
4448 -3.42814
4449 -3.42886
4450 -3.42957
4451 -3.43029
4452 -3.431
4453 -3.43172
4454 -3.43243
4455 -3.43315
4456 -3.43386
4457 -3.43457
4458 -3.43529
4459 -3.436
4460 -3.43672
4461 -3.43743
4462 -3.43815
4463 -3.43886
4464 -3.43958
4465 -3.44029
4466 -3.441
4467 -3.44172
4468 -3.44243
4469 -3.44315
4470 -3.44386
4471 -3.44458
4472 -3.44529
4473 -3.44601
4474 -3.44672
4475 -3.44744
4476 -3.44815
4477 -3.44886
4478 -3.44958
4479 -3.45029
4480 -3.45101
4481 -3.45172
4482 -3.45244
4483 -3.45315
4484 -3.45387
4485 -3.45458
4486 -3.4553
4487 -3.45601
4488 -3.45672
4489 -3.45744
4490 -3.45815
4491 -3.45887
4492 -3.45958
4493 -3.4603
4494 -3.46101
4495 -3.46173
4496 -3.46244
4497 -3.46316
4498 -3.46387
4499 -3.46458
4500 -3.4653
4501 -3.46601
4502 -3.46673
4503 -3.46744
4504 -3.46816
4505 -3.46887
4506 -3.46959
4507 -3.4703
4508 -3.47102
4509 -3.47173
4510 -3.47244
4511 -3.47316
4512 -3.47387
4513 -3.47459
4514 -3.4753
4515 -3.47602
4516 -3.47673
4517 -3.47745
4518 -3.47816
4519 -3.47887
4520 -3.47959
4521 -3.4803
4522 -3.48102
4523 -3.48173
4524 -3.48245
4525 -3.48316
4526 -3.48388
4527 -3.48459
4528 -3.48531
4529 -3.48602
4530 -3.48673
4531 -3.48745
4532 -3.48816
4533 -3.48888
4534 -3.48959
4535 -3.49031
4536 -3.49102
4537 -3.49174
4538 -3.49245
4539 -3.49317
4540 -3.49388
4541 -3.49459
4542 -3.49531
4543 -3.49602
4544 -3.49674
4545 -3.49745
4546 -3.49817
4547 -3.49888
4548 -3.4996
4549 -3.50031
4550 -3.50103
4551 -3.50174
4552 -3.50245
4553 -3.50317
4554 -3.50388
4555 -3.5046
4556 -3.50531
4557 -3.50603
4558 -3.50674
4559 -3.50746
4560 -3.50817
4561 -3.50889
4562 -3.5096
4563 -3.51031
4564 -3.51103
4565 -3.51174
4566 -3.51246
4567 -3.51317
4568 -3.51389
4569 -3.5146
4570 -3.51532
4571 -3.51603
4572 -3.51675
4573 -3.51746
4574 -3.51817
4575 -3.51889
4576 -3.5196
4577 -3.52032
4578 -3.52103
4579 -3.52175
4580 -3.52246
4581 -3.52318
4582 -3.52389
4583 -3.5246
4584 -3.52532
4585 -3.52603
4586 -3.52675
4587 -3.52746
4588 -3.52818
4589 -3.52889
4590 -3.52961
4591 -3.53032
4592 -3.53104
4593 -3.53175
4594 -3.53246
4595 -3.53318
4596 -3.53389
4597 -3.53461
4598 -3.53532
4599 -3.53604
4600 -3.53675
4601 -3.53747
4602 -3.53818
4603 -3.5389
4604 -3.53961
4605 -3.54032
4606 -3.54104
4607 -3.54175
4608 -3.54247
4609 -3.54318
4610 -3.5439
4611 -3.54461
4612 -3.54533
4613 -3.54604
4614 -3.54676
4615 -3.54747
4616 -3.54818
4617 -3.5489
4618 -3.54961
4619 -3.55033
4620 -3.55104
4621 -3.55176
4622 -3.55247
4623 -3.55319
4624 -3.5539
4625 -3.55462
4626 -3.55533
4627 -3.55604
4628 -3.55676
4629 -3.55747
4630 -3.55819
4631 -3.5589
4632 -3.55962
4633 -3.56033
4634 -3.56105
4635 -3.56176
4636 -3.56248
4637 -3.56319
4638 -3.5639
4639 -3.56462
4640 -3.56533
4641 -3.56605
4642 -3.56676
4643 -3.56748
4644 -3.56819
4645 -3.56891
4646 -3.56962
4647 -3.57033
4648 -3.57105
4649 -3.57176
4650 -3.57248
4651 -3.57319
4652 -3.57391
4653 -3.57462
4654 -3.57534
4655 -3.57605
4656 -3.57677
4657 -3.57748
4658 -3.57819
4659 -3.57891
4660 -3.57962
4661 -3.58034
4662 -3.58105
4663 -3.58177
4664 -3.58248
4665 -3.5832
4666 -3.58391
4667 -3.58463
4668 -3.58534
4669 -3.58605
4670 -3.58677
4671 -3.58748
4672 -3.5882
4673 -3.58891
4674 -3.58963
4675 -3.59034
4676 -3.59106
4677 -3.59177
4678 -3.59249
4679 -3.5932
4680 -3.59391
4681 -3.59463
4682 -3.59534
4683 -3.59606
4684 -3.59677
4685 -3.59749
4686 -3.5982
4687 -3.59892
4688 -3.59963
4689 -3.60035
4690 -3.60106
4691 -3.60177
4692 -3.60249
4693 -3.6032
4694 -3.60392
4695 -3.60463
4696 -3.60535
4697 -3.60606
4698 -3.60678
4699 -3.60749
4700 -3.6082
4701 -3.60892
4702 -3.60963
4703 -3.61035
4704 -3.61106
4705 -3.61178
4706 -3.61249
4707 -3.61321
4708 -3.61392
4709 -3.61464
4710 -3.61535
4711 -3.61606
4712 -3.61678
4713 -3.61749
4714 -3.61821
4715 -3.61892
4716 -3.61964
4717 -3.62035
4718 -3.62107
4719 -3.62178
4720 -3.6225
4721 -3.62321
4722 -3.62392
4723 -3.62464
4724 -3.62535
4725 -3.62607
4726 -3.62678
4727 -3.6275
4728 -3.62821
4729 -3.62893
4730 -3.62964
4731 -3.63036
4732 -3.63107
4733 -3.63178
4734 -3.6325
4735 -3.63321
4736 -3.63393
4737 -3.63464
4738 -3.63536
4739 -3.63607
4740 -3.63679
4741 -3.6375
4742 -3.63822
4743 -3.63893
4744 -3.63964
4745 -3.64036
4746 -3.64107
4747 -3.64179
4748 -3.6425
4749 -3.64322
4750 -3.64393
4751 -3.64465
4752 -3.64536
4753 -3.64608
4754 -3.64679
4755 -3.6475
4756 -3.64822
4757 -3.64893
4758 -3.64965
4759 -3.65036
4760 -3.65108
4761 -3.65179
4762 -3.65251
4763 -3.65322
4764 -3.65393
4765 -3.65465
4766 -3.65536
4767 -3.65608
4768 -3.65679
4769 -3.65751
4770 -3.65822
4771 -3.65894
4772 -3.65965
4773 -3.66037
4774 -3.66108
4775 -3.66179
4776 -3.66251
4777 -3.66322
4778 -3.66394
4779 -3.66465
4780 -3.66537
4781 -3.66608
4782 -3.6668
4783 -3.66751
4784 -3.66823
4785 -3.66894
4786 -3.66965
4787 -3.67037
4788 -3.67108
4789 -3.6718
4790 -3.67251
4791 -3.67323
4792 -3.67394
4793 -3.67466
4794 -3.67537
4795 -3.67609
4796 -3.6768
4797 -3.67751
4798 -3.67823
4799 -3.67894
4800 -3.67966
4801 -3.68037
4802 -3.68109
4803 -3.6818
4804 -3.68252
4805 -3.68323
4806 -3.68395
4807 -3.68466
4808 -3.68537
4809 -3.68609
4810 -3.6868
4811 -3.68752
4812 -3.68823
4813 -3.68895
4814 -3.68966
4815 -3.69038
4816 -3.69109
4817 -3.6918
4818 -3.69252
4819 -3.69323
4820 -3.69395
4821 -3.69466
4822 -3.69538
4823 -3.69609
4824 -3.69681
4825 -3.69752
4826 -3.69824
4827 -3.69895
4828 -3.69966
4829 -3.70038
4830 -3.70109
4831 -3.70181
4832 -3.70252
4833 -3.70324
4834 -3.70395
4835 -3.70467
4836 -3.70538
4837 -3.7061
4838 -3.70681
4839 -3.70752
4840 -3.70824
4841 -3.70895
4842 -3.70967
4843 -3.71038
4844 -3.7111
4845 -3.71181
4846 -3.71253
4847 -3.71324
4848 -3.71396
4849 -3.71467
4850 -3.71538
4851 -3.7161
4852 -3.71681
4853 -3.71753
4854 -3.71824
4855 -3.71896
4856 -3.71967
4857 -3.72039
4858 -3.7211
4859 -3.72182
4860 -3.72253
4861 -3.72324
4862 -3.72396
4863 -3.72467
4864 -3.72539
4865 -3.7261
4866 -3.72682
4867 -3.72753
4868 -3.72825
4869 -3.72896
4870 -3.72968
4871 -3.73039
4872 -3.7311
4873 -3.73182
4874 -3.73253
4875 -3.73325
4876 -3.73396
4877 -3.73468
4878 -3.73539
4879 -3.73611
4880 -3.73682
4881 -3.73753
4882 -3.73825
4883 -3.73896
4884 -3.73968
4885 -3.74039
4886 -3.74111
4887 -3.74182
4888 -3.74254
4889 -3.74325
4890 -3.74397
4891 -3.74468
4892 -3.74539
4893 -3.74611
4894 -3.74682
4895 -3.74754
4896 -3.74825
4897 -3.74897
4898 -3.74968
4899 -3.7504
4900 -3.75111
4901 -3.75183
4902 -3.75254
4903 -3.75325
4904 -3.75397
4905 -3.75468
4906 -3.7554
4907 -3.75611
4908 -3.75683
4909 -3.75754
4910 -3.75826
4911 -3.75897
4912 -3.75969
4913 -3.7604
4914 -3.76111
4915 -3.76183
4916 -3.76254
4917 -3.76326
4918 -3.76397
4919 -3.76469
4920 -3.7654
4921 -3.76612
4922 -3.76683
4923 -3.76755
4924 -3.76826
4925 -3.76897
4926 -3.76969
4927 -3.7704
4928 -3.77112
4929 -3.77183
4930 -3.77255
4931 -3.77326
4932 -3.77398
4933 -3.77469
4934 -3.77541
4935 -3.77612
4936 -3.77683
4937 -3.77755
4938 -3.77826
4939 -3.77898
4940 -3.77969
4941 -3.78041
4942 -3.78112
4943 -3.78184
4944 -3.78255
4945 -3.78326
4946 -3.78398
4947 -3.78469
4948 -3.78541
4949 -3.78612
4950 -3.78684
4951 -3.78755
4952 -3.78827
4953 -3.78898
4954 -3.7897
4955 -3.79041
4956 -3.79112
4957 -3.79184
4958 -3.79255
4959 -3.79327
4960 -3.79398
4961 -3.7947
4962 -3.79541
4963 -3.79613
4964 -3.79684
4965 -3.79756
4966 -3.79827
4967 -3.79898
4968 -3.7997
4969 -3.80041
4970 -3.80113
4971 -3.80184
4972 -3.80256
4973 -3.80327
4974 -3.80399
4975 -3.8047
4976 -3.80542
4977 -3.80613
4978 -3.80684
4979 -3.80756
4980 -3.80827
4981 -3.80899
4982 -3.8097
4983 -3.81042
4984 -3.81113
4985 -3.81185
4986 -3.81256
4987 -3.81328
4988 -3.81399
4989 -3.8147
4990 -3.81542
4991 -3.81613
4992 -3.81685
4993 -3.81756
4994 -3.81828
4995 -3.81899
4996 -3.81971
4997 -3.82042
4998 -3.82113
4999 -3.82185
5000 -3.82256
5001 -3.82328
5002 -3.82399
5003 -3.82471
5004 -3.82542
5005 -3.82614
5006 -3.82685
5007 -3.82757
5008 -3.82828
5009 -3.82899
5010 -3.82971
5011 -3.83042
5012 -3.83114
5013 -3.83185
5014 -3.83257
5015 -3.83328
5016 -3.834
5017 -3.83471
5018 -3.83543
5019 -3.83614
5020 -3.83685
5021 -3.83757
5022 -3.83828
5023 -3.839
5024 -3.83971
5025 -3.84043
5026 -3.84114
5027 -3.84186
5028 -3.84257
5029 -3.84329
5030 -3.844
5031 -3.84471
5032 -3.84543
5033 -3.84614
5034 -3.84686
5035 -3.84757
5036 -3.84829
5037 -3.849
5038 -3.84972
5039 -3.85043
5040 -3.85115
5041 -3.85186
5042 -3.85257
5043 -3.85329
5044 -3.854
5045 -3.85472
5046 -3.85543
5047 -3.85615
5048 -3.85686
5049 -3.85758
5050 -3.85829
5051 -3.85901
5052 -3.85972
5053 -3.86043
5054 -3.86115
5055 -3.86186
5056 -3.86258
5057 -3.86329
5058 -3.86401
5059 -3.86472
5060 -3.86544
5061 -3.86615
5062 -3.86686
5063 -3.86758
5064 -3.86829
5065 -3.86901
5066 -3.86972
5067 -3.87044
5068 -3.87115
5069 -3.87187
5070 -3.87258
5071 -3.8733
5072 -3.87401
5073 -3.87472
5074 -3.87544
5075 -3.87615
5076 -3.87687
5077 -3.87758
5078 -3.8783
5079 -3.87901
5080 -3.87973
5081 -3.88044
5082 -3.88116
5083 -3.88187
5084 -3.88258
5085 -3.8833
5086 -3.88401
5087 -3.88473
5088 -3.88544
5089 -3.88616
5090 -3.88687
5091 -3.88759
5092 -3.8883
5093 -3.88902
5094 -3.88973
5095 -3.89044
5096 -3.89116
5097 -3.89187
5098 -3.89259
5099 -3.8933
5100 -3.89402
5101 -3.89473
5102 -3.89545
5103 -3.89616
5104 -3.89688
5105 -3.89759
5106 -3.8983
5107 -3.89902
5108 -3.89973
5109 -3.90045
5110 -3.90116
5111 -3.90188
5112 -3.90259
5113 -3.90331
5114 -3.90402
5115 -3.90474
5116 -3.90545
5117 -3.90616
5118 -3.90688
5119 -3.90759
5120 -3.90831
5121 -3.90902
5122 -3.90974
5123 -3.91045
5124 -3.91117
5125 -3.91188
5126 -3.91259
5127 -3.91331
5128 -3.91402
5129 -3.91474
5130 -3.91545
5131 -3.91617
5132 -3.91688
5133 -3.9176
5134 -3.91831
5135 -3.91903
5136 -3.91974
5137 -3.92045
5138 -3.92117
5139 -3.92188
5140 -3.9226
5141 -3.92331
5142 -3.92403
5143 -3.92474
5144 -3.92546
5145 -3.92617
5146 -3.92689
5147 -3.9276
5148 -3.92831
5149 -3.92903
5150 -3.92974
5151 -3.93046
5152 -3.93117
5153 -3.93189
5154 -3.9326
5155 -3.93332
5156 -3.93403
5157 -3.93475
5158 -3.93546
5159 -3.93617
5160 -3.93689
5161 -3.9376
5162 -3.93832
5163 -3.93903
5164 -3.93975
5165 -3.94046
5166 -3.94118
5167 -3.94189
5168 -3.94261
5169 -3.94332
5170 -3.94403
5171 -3.94475
5172 -3.94546
5173 -3.94618
5174 -3.94689
5175 -3.94761
5176 -3.94832
5177 -3.94904
5178 -3.94975
5179 -3.95046
5180 -3.95118
5181 -3.95189
5182 -3.95261
5183 -3.95332
5184 -3.95404
5185 -3.95475
5186 -3.95547
5187 -3.95618
5188 -3.9569
5189 -3.95761
5190 -3.95832
5191 -3.95904
5192 -3.95975
5193 -3.96047
5194 -3.96118
5195 -3.9619
5196 -3.96261
5197 -3.96333
5198 -3.96404
5199 -3.96476
5200 -3.96547
5201 -3.96618
5202 -3.9669
5203 -3.96761
5204 -3.96833
5205 -3.96904
5206 -3.96976
5207 -3.97047
5208 -3.97119
5209 -3.9719
5210 -3.97262
5211 -3.97333
5212 -3.97404
5213 -3.97476
5214 -3.97547
5215 -3.97619
5216 -3.9769
5217 -3.97762
5218 -3.97833
5219 -3.97905
5220 -3.97976
5221 -3.98048
5222 -3.98119
5223 -3.9819
5224 -3.98262
5225 -3.98333
5226 -3.98405
5227 -3.98476
5228 -3.98548
5229 -3.98619
5230 -3.98691
5231 -3.98762
5232 -3.98834
5233 -3.98905
5234 -3.98976
5235 -3.99048
5236 -3.99119
5237 -3.99191
5238 -3.99262
5239 -3.99334
5240 -3.99405
5241 -3.99477
5242 -3.99548
5243 -3.99619
5244 -3.99691
5245 -3.99762
5246 -3.99834
5247 -3.99905
5248 -3.99977
5249 -4.00048
